deputy	coalition	v1	v2	v3	v4	v5	v6	v7	v8	v9	v10	v11	v12	v13	v14	v15	v16	v17	v18	v19	v20	v21	v22	v23	v24	v25	v26	v27	v28	v29	v30	v31	v32	v33	v34	v35	v36	v37	v38	v39	v40	v41	v42	v43	v44	v45	v46	v47	v48	v49	v50	v51	v52	v53	v54	v55	v56	v57	v58	v59	v60	v61	v62	v63	v64	v65	v66	v67	v68	v69	v70	v71	v72	v73	v74	v75	v76	v77	v78	v79	v80	v81	v82	v83	v84	v85	v86	v87	v88	v89	v90	v91	v92	v93	v94	v95	v96	v97	v98	v99	v100	v101	v102	v103	v104	v105	v106	v107	v108	v109	v110	v111	v112	v113	v114	v115	v116	v117	v118	v119	v120	v121	v122	v123	v124	v125	v126	v127	v128	v129	v130	v131	v132	v133	v134	v135	v136	v137	v138	v139	v140	v141	v142	v143	v144	v145	v146	v147
"Threshold"		1	1	1	1	1	1	1	1	1	1	1	1	1	1	1	1	1	1	1	1	1	1	1	1	1	1	1	1	1	1	1	1	1	1	1	1	1	1	1	1	1	1	1	1	1	1	1	1	1	1	1	1	1	1	1	1	1	1	1	1	1	1	1	1	1	1	1	1	1	1	1	1	1	1	1	1	1	1	1	1	1	1	1	1	1	1	1	1	1	1	1	1	1	1	1	1	1	1	1	1	1	1	1	1	1	1	1	1	1	1	1	1	1	1	1	1	1	1	1	1	1	1	1	1	1	1	1	1	1	1	1	1	1	1	1	1	1	1	1	1	1	1	1	1	1	1	1
"d001"	5	1	1	1	1	7	1	1	1	7	1	1	1	1	1	1	1	1	1	1	1	1	1	7	1	1	1	1	7	1	1	1	1	1	7	1	1	1	7	1	1	1	1	1	1	7	1	1	1	7	7	7	7	7	7	7	1	1	1	1	1	1	1	5	1	1	1	1	1	1	1	1	1	1	1	1	1	1	1	1	1	1	1	1	1	1	0	1	1	0	0	1	1	1	1	7	7	7	7	1	1	1	1	1	7	7	7	7	7	7	7	7	7	7	1	1	1	1	1	1	7	7	7	7	7	7	1	1	1	1	1	1	1	1	1	1	1	1	1	1	1	1	1	1	1	1	1	7
"d002"	3	1	1	1	1	1	1	1	1	1	1	1	1	1	1	1	1	1	1	1	1	1	1	1	1	1	1	1	1	1	1	1	1	1	1	1	1	1	1	1	1	1	1	1	1	1	1	1	1	1	1	1	1	1	1	1	0	1	7	7	7	7	1	0	1	1	1	1	1	1	1	1	1	1	1	1	1	1	1	1	1	1	1	1	0	7	1	1	1	7	7	1	1	1	5	7	7	7	7	1	1	1	1	1	1	1	1	1	1	1	1	1	1	1	1	1	1	1	1	7	0	1	1	1	1	1	1	1	1	1	1	1	1	1	1	1	1	1	1	1	1	1	1	1	1	1	1	1
"d003"	3	7	7	1	7	1	1	1	1	1	1	7	7	7	1	7	7	7	7	1	1	1	1	1	1	1	1	7	1	7	1	1	1	1	1	1	7	1	1	7	1	1	1	1	7	1	7	7	1	1	1	1	1	1	1	1	0	1	1	1	1	1	1	0	1	1	1	1	1	1	1	1	1	1	1	1	1	1	1	1	1	1	1	1	0	7	1	1	1	0	7	7	7	7	1	7	7	7	7	7	7	7	7	7	1	1	1	1	1	7	1	1	1	1	1	1	1	1	1	7	0	1	1	1	1	1	1	1	1	1	1	1	1	1	1	1	1	1	1	1	1	1	1	1	1	1	1	1
"d004"	2	1	1	1	1	7	1	1	1	7	1	1	1	1	1	1	1	1	1	1	1	1	1	7	7	7	1	1	7	1	7	7	7	7	7	1	1	7	7	1	7	1	7	7	1	7	7	7	7	7	7	7	7	7	7	7	7	7	1	1	1	7	1	7	7	7	7	7	7	7	7	7	7	7	7	7	7	7	7	7	7	7	7	7	1	1	1	1	1	7	1	7	7	7	1	7	7	7	7	1	1	1	1	1	1	1	1	1	1	7	7	7	7	7	7	7	7	7	7	7	7	7	7	7	7	7	1	1	1	1	1	7	7	7	7	7	7	1	1	1	1	7	7	7	7	7	7	7
"d005"	6	1	1	7	1	1	7	7	7	1	1	1	1	1	7	1	1	1	1	7	7	7	7	1	1	1	7	1	1	1	1	1	1	1	1	7	1	7	1	1	1	1	1	7	1	7	1	1	1	1	1	1	1	1	1	1	1	1	1	1	1	1	1	1	1	1	1	1	1	1	1	1	1	1	1	1	1	1	1	1	1	1	1	1	1	1	1	1	1	1	1	1	1	1	1	1	1	1	1	7	7	7	7	7	1	1	1	1	1	1	1	1	1	1	1	1	1	1	1	1	1	1	1	1	1	1	1	1	1	1	1	1	1	1	1	1	1	1	1	1	1	1	1	1	1	1	1	1
"d006"	2	1	1	1	1	1	1	1	1	1	1	1	1	1	1	1	1	1	1	1	1	1	1	1	1	1	1	1	1	1	1	1	1	1	1	1	1	1	1	1	1	1	1	1	1	1	1	1	1	1	1	1	1	1	1	7	7	7	1	1	1	1	1	1	1	1	1	1	1	1	1	1	1	1	1	1	1	1	1	1	1	1	1	1	1	1	1	1	1	1	1	1	1	1	1	1	1	1	1	1	1	1	1	1	1	1	1	1	1	1	1	1	1	1	1	1	1	1	1	1	1	1	1	1	1	1	7	7	7	7	7	1	1	1	1	1	1	1	1	1	1	1	1	1	1	1	1	1
"d007"	5	7	7	7	7	7	7	7	7	7	1	7	7	7	7	7	7	7	7	7	7	7	7	7	1	1	7	7	7	7	1	1	1	1	7	7	7	1	7	7	1	7	1	1	7	1	7	7	1	7	7	7	7	7	7	7	7	7	7	7	7	7	7	7	1	1	1	1	1	1	1	1	1	1	1	1	1	1	1	1	1	1	1	1	1	1	7	7	7	0	0	1	1	1	1	1	1	1	1	1	1	1	1	1	1	1	1	1	1	1	1	1	1	1	7	7	7	7	7	1	7	7	7	7	7	7	1	1	1	1	1	1	1	1	1	1	1	1	1	1	1	1	1	1	1	1	1	1
"d008"	2	1	1	1	1	1	1	1	1	1	7	1	1	1	1	1	1	1	1	1	1	1	1	1	1	1	7	1	1	1	1	1	1	1	1	7	1	1	1	1	1	1	1	1	1	7	7	7	7	1	1	1	1	1	1	1	1	1	1	1	1	1	1	7	7	7	7	7	7	7	7	7	7	7	7	7	7	7	7	7	7	7	7	7	7	7	7	7	7	1	1	1	1	1	1	1	1	1	1	7	7	7	7	7	1	1	1	1	1	7	1	1	1	1	1	1	1	1	1	1	1	1	1	1	1	1	1	1	1	1	1	1	1	1	1	1	1	1	1	1	1	1	1	1	1	1	1	7
"d009"	11	7	7	7	7	7	7	7	7	7	7	7	7	7	7	7	7	7	7	7	7	7	7	7	7	7	7	7	7	7	7	7	7	7	7	7	7	7	7	7	7	1	7	7	7	7	7	7	7	7	7	7	7	7	7	7	7	7	7	7	7	7	7	7	7	7	7	7	7	7	7	7	7	7	7	7	7	7	7	7	7	7	7	7	7	7	7	7	7	7	7	7	7	7	7	7	7	7	7	7	7	7	7	7	7	7	7	7	7	7	7	7	7	7	7	7	7	7	7	7	7	7	7	7	7	7	7	7	7	7	7	7	7	7	7	7	7	7	7	7	7	7	7	7	7	7	7	7
"d010"	2	7	7	7	7	7	7	7	7	1	1	7	7	7	7	7	7	7	7	7	7	7	7	7	7	7	1	7	7	7	7	7	7	7	7	1	7	7	7	7	1	1	1	7	7	1	1	1	1	1	1	1	1	1	1	1	7	7	1	1	1	1	1	1	1	1	1	1	1	1	1	1	1	1	1	1	1	1	1	1	1	1	7	1	1	1	7	7	7	1	1	1	1	1	1	1	1	1	1	7	7	7	7	7	1	1	1	1	1	1	1	1	1	1	1	1	1	1	1	1	7	7	7	7	7	7	7	7	7	7	7	1	1	1	1	1	1	7	7	7	7	7	7	7	7	7	7	1
"d011"	2	1	1	1	1	1	1	1	1	7	1	1	1	1	1	1	1	1	1	1	1	1	1	1	1	1	1	1	1	1	1	1	1	1	1	1	1	1	1	1	1	1	1	1	1	7	1	1	1	7	7	7	7	7	7	7	1	1	1	1	1	1	1	1	1	1	1	1	1	1	1	1	1	1	1	1	1	1	1	1	1	1	1	1	1	1	1	1	1	1	1	1	1	1	1	7	1	1	1	1	1	1	1	1	1	1	1	1	1	1	1	1	1	1	1	1	1	7	7	1	1	7	7	7	7	7	1	1	1	1	1	1	1	1	1	7	1	1	1	1	1	1	1	1	1	1	1	1
"d012"	5	1	1	7	7	1	7	7	7	1	7	1	1	1	7	1	1	1	1	7	7	7	7	1	7	1	7	1	1	1	7	7	7	7	1	7	7	7	1	7	7	7	7	7	1	7	1	1	1	1	1	1	1	1	1	1	7	7	7	7	7	7	1	1	7	7	7	7	7	7	7	7	7	7	7	7	7	7	7	7	7	7	7	7	1	1	1	1	1	7	7	1	1	1	1	1	1	1	1	7	7	7	7	7	7	7	7	7	7	1	1	1	1	1	7	7	7	7	7	1	1	7	7	7	7	7	7	7	7	7	7	1	1	1	1	1	1	7	7	7	7	7	7	7	7	7	7	7
"d013"	0	7	7	7	7	7	7	7	7	7	7	7	7	7	7	7	7	7	7	7	7	7	7	7	7	7	7	7	7	7	7	7	7	7	7	7	7	7	7	7	7	7	7	7	7	7	7	7			7	7	7	7	7	7	7	7	7	7	7	7	7	7	7	7	7	7	7	7	7	7	7	7	7	7	7	7	7	7	7	7	7	7	7	7	7	7	7	7	7	7	7	7	7	7	7	7	7	7	7	7	7	7	7	7	7	7	7	7	7	7	7	7	7	7	7	7	7	7	7	7	7	7	7	7	7	7	7	7	7	7	7	7	7	7	7	7	7	7	7	7	7	7	7	7	7	7
"d014"	4	1	1	7	1	1	7	7	7	1	1	1	1	1	7	1	1	1	1	7	7	7	7	1	1	7	7	1	1	1	1	1	1	1	1	7	1	7	1	1	1	1	1	7	1	7	1	1	1	1	1	1	1	1	1	1	7	7	7	7	7	7	1	7	7	7	7	7	7	7	7	7	7	7	7	7	7	7	7	7	7	7	7	7	0	7	7	7	7	1	1	7	7	7	0	7	7	7	7	7	7	7	7	7	7	7	7	7	7	7	1	1	1	1	1	1	1	1	1	1	7	1	1	1	1	1	7	7	7	7	7	7	7	7	7	7	7	7	7	7	7	7	7	7	7	7	7	1
"d015"	2	1	1	7	1	1	1	1	1	7	1	1	1	1	7	1	1	1	1	1	1	1	1	1	7	1	7	1	1	1	7	7	7	7	1	7	1	7	1	1	7	7	7	7	1	7	1	1	1	7	7	7	7	7	7	7	7	7	7	7	7	7	7	7	7	7	7	7	7	7	7	7	7	7	7	7	7	7	7	7	7	7	7	7	7	7	1	1	1	1	1	1	1	1	1	1	1	1	1	1	1	1	1	1	1	1	1	1	1	1	1	1	1	1	7	7	7	7	7	7	7	7	7	7	7	7	7	7	7	7	7	1	1	1	1	1	1	7	7	7	7	7	7	7	7	7	7	1
"d016"	3	1	1	7	1	7	7	7	7	1	1	1	1	1	7	1	1	1	1	7	7	7	7	7	7	7	1	1	7	1	7	7	7	7	7	1	1	1	7	1	1	7	1	1	1	1	1	1	1	1	1	1	1	1	1	1	0	1	1	1	1	1	1	0	1	1	1	1	1	1	1	1	1	1	1	1	1	1	1	1	1	1	1	1	0	7	1	1	1	7	7	7	7	7	1	1	1	1	1	1	1	1	1	1	1	1	1	1	1	1	1	1	1	1	1	1	1	1	1	7	0	1	1	1	1	7	1	1	1	1	1	1	1	1	1	1	1	1	1	1	1	1	1	1	1	1	1	1
"d017"	2	1	1	7	1	1	7	7	7	1	1	1	1	1	7	1	1	1	1	7	7	7	7	1	1	1	1	1	1	1	1	1	1	1	1	1	1	7	1	1	7	7	7	7	1	7	1	1	1	1	1	1	1	1	1	1	1	1	7	7	7	7	1	7	7	7	7	7	7	7	7	7	7	7	7	7	7	7	7	7	7	7	7	7	7	7	7	7	7	7	7	7	7	7	7	7	7	7	7	1	1	1	1	1	1	1	1	1	1	1	1	1	1	1	1	1	1	1	1	1	1	7	7	7	7	7	7	7	7	7	7	7	7	7	7	7	7	7	7	7	7	7	7	7	7	7	7	7
"d018"	2	1	1	7	1	1	7	7	7	7	1	1	1	1	7	1	1	1	1	7	7	7	7	1	7	7	1	1	1	1	7	7	7	7	1	1	1	7	1	1	1	1	1	7	1	7	7	7	7	7	7	7	7	7	7	7	1	1	1	1	1	1	1	1	1	1	1	1	1	1	1	1	1	1	1	1	1	1	1	1	1	1	1	1	1	1	7	7	7	7	7	1	1	1	1	1	1	1	1	7	7	7	7	7	1	1	1	1	1	1	1	1	1	1	1	1	1	1	1	1	7	1	1	1	1	1	1	1	1	1	1	7	7	7	7	7	7	7	7	7	7	7	7	7	7	7	7	7
"d019"	2	1	1	7	1	1	7	7	7	1	1	1	1	1	7	1	1	1	1	7	7	7	7	1	1	1	1	1	1	1	1	1	1	1	1	1	1	1	1	1	1	7	1	1	1	7	7	7	1	1	1	1	1	1	1	1	1	1	1	1	1	1	1	1	7	7	7	7	7	7	7	7	7	7	7	7	7	7	7	7	7	7	7	7	1	1	7	1	1	1	0	7	7	7	7	7	7	7	7	7	7	7	7	7	7	7	7	7	7	1	1	1	1	1	1	1	1	1	1	1	1	1	1	1	1	1	1	1	1	1	1	7	7	7	7	7	7	1	1	1	1	1	1	1	1	1	1	1
"d020"	4	1	1	7	1	7	7	7	7	1	1	1	1	1	7	1	1	1	1	7	7	7	7	7	7	1	1	1	7	1	7	7	7	7	7	1	1	1	7	1	7	1	7	1	1	1	1	1	1	1	1	1	1	1	1	1	1	1	1	1	1	1	1	7	1	1	1	1	1	1	1	1	1	1	1	1	1	1	1	1	1	1	1	1	7	7	7	7	7	1	1	7	7	7	0	1	1	1	1	1	1	1	1	1	7	7	7	7	7	1	1	1	1	1	1	1	1	1	1	0	0	7	7	7	7	7	1	1	1	1	1	7	7	7	7	7	7	7	7	7	7	7	1	1	1	1	1	1
"d021"	2	1	1	7	1	1	1	1	1	1	1	1	1	1	7	1	1	1	1	1	1	1	1	1	1	1	1	1	1	1	1	1	1	1	1	1	1	1	1	1	1	1	1	1	1	1	1	1	1	1	1	1	1	1	1	1	7	7	1	1	1	1	1	1	7	7	7	7	7	7	7	7	7	7	7	7	7	7	7	7	7	7	7	7	1	1	1	1	1	1	1	7	7	7	1	7	7	7	7	1	1	1	1	1	1	1	1	1	1	1	1	1	1	1	1	1	1	1	1	1	1	1	1	1	1	1	1	1	1	1	1	1	1	1	1	1	1	1	1	1	1	1	1	1	1	1	1	7
"d022"	2	1	1	7	1	7	7	7	7	1	1	1	1	1	7	1	1	1	1	7	7	7	7	7	1	1	7	1	7	1	1	1	1	1	7	7	1	1	7	1	7	7	7	1	1	7	1	7	7	1	1	1	1	1	1	1	7	7	1	1	1	1	1	7	7	7	7	7	7	7	7	7	7	7	7	7	7	7	7	7	7	7	7	7	7	7	1	1	1	7	7	1	1	1	7	7	7	7	7	7	7	7	7	7	7	7	7	7	7	7	7	7	7	7	7	7	7	7	7	7	7	7	7	7	7	7	1	1	1	1	1	7	7	7	7	7	7	7	7	7	7	7	1	1	1	1	1	7
"d023"	2	1	1	7	1	7	1	1	1	1	1	1	1	1	7	1	1	1	1	1	1	1	1	7	7	7	1	1	7	1	7	7	7	7	7	1	1	1	7	1	1	1	1	1	1	1	1	1	1	1	1	1	1	1	1	1	1	1	1	1	1	1	1	1	1	1	1	1	1	1	1	1	1	1	1	1	1	1	1	1	1	1	1	1	1	1	7	7	7	1	1	1	1	1	1	1	1	1	1	1	1	1	1	1	1	1	1	1	1	1	1	1	1	1	1	1	1	1	1	1	1	1	1	1	1	1	1	1	1	1	1	1	1	1	1	1	1	1	1	1	1	1	1	1	1	1	1	1
"d024"	2	7	7	7	7	1	7	7	7	1	7	7	7	7	7	7	7	7	7	7	7	7	7	1	7	1	1	7	1	7	7	7	7	7	1	1	7	1	1	7	7	7	7	1	7	7	7	7	7	1	1	1	1	1	1	1	7	7	7	7	7	7	1	1	7	7	7	7	7	7	7	7	7	7	7	7	7	7	7	7	7	7	7	7	7	7	7	1	1	1	1	7	7	7	1	7	7	7	7	1	1	1	1	1	1	1	1	1	1	1	1	1	1	1	7	7	7	7	7	7	1	7	7	7	7	7	1	1	1	1	1	7	7	7	7	7	7	7	7	7	7	7	1	1	1	1	1	7
"d025"	8	7	7	7	7	7	7	7	7	1	1	7	7	7	7	7	7	7	7	7	7	7	7	7	7	1	7	7	7	7	7	7	7	7	7	7	7	7	7	7	1	7	1	7	7	7	7	7	1	1	1	1	1	1	1	1	7	7	1	1	1	1	1	7	7	7	7	7	7	7	7	7	7	7	7	7	7	7	7	7	7	7	7	7	7	1	1	1	1	7	7	7	7	7	1	7	7	7	7	7	7	7	7	7	7	7	7	7	7	7	1	1	1	1	1	1	1	1	1	7	1	7	7	7	7	7	7	7	7	7	7	7	7	7	7	7	7	1	1	1	1	1	1	1	1	1	1	7
"d026"	4	1	1	7	1	1	7	7	7	1	1	1	1	1	7	1	1	1	1	7	7	7	7	1	7	7	1	1	1	1	7	7	7	7	1	1	1	1	1	1	7	7	7	1	1	7	1	1	1	1	1	1	1	1	1	1	1	1	1	1	1	1	7	1	7	7	7	7	7	7	7	7	7	7	7	7	7	7	7	7	7	7	7	7	7	7	7	7	7	7	7	1	1	1	0	7	7	7	7	1	1	1	1	1	7	7	7	7	7	7	1	1	1	1	7	7	7	7	7	7	7	7	7	7	7	7	1	1	1	1	1	7	7	7	7	7	7	1	1	1	1	1	1	1	1	1	1	7
"d027"	11	1	1	7	1	1	1	1	1	1	1	1	1	1	7	1	1	1	1	1	1	1	1	1	1	1	1	1	1	1	1	1	1	1	1	1	1	1	1	1	1	1	7	1	1	7	0	7	7	1	1	1	1	1	1	1	0	1	0	0	1	1	1	0	1	1	1	1	1	1	1	1	1	1	1	1	1	1	1	1	1	1	1	1	0	7	0	1	1	0	0	1	1	1	0	1	1	1	1	1	1	1	1	1	1	1	1	1	1	0	1	1	1	1	1	1	1	1	1	0	0	1	1	1	1	1	1	1	1	1	1	1	1	0	1	1	1	1	1	1	1	1	1	1	1	1	1	0
"d028"	3	7	7	7	7	1	1	1	1	7	1	7	7	7	7	7	7	7	7	1	1	1	1	1	1	7	1	7	1	7	1	1	1	1	1	1	7	7	1	7	7	7	7	7	7	7	1	1	1	7	7	7	7	7	7	7	0	1	7	7	7	7	7	0	7	7	7	7	7	7	7	7	7	7	7	7	7	7	7	7	7	7	7	7	7	7	7	7	7	7	7	1	1	1	7	7	7	7	7	1	1	1	1	1	7	7	7	7	7	1	1	1	1	1	7	7	7	7	7	7	7	7	7	7	7	7	7	7	7	7	7	7	7	7	7	7	7	7	7	7	7	7	7	7	7	7	7	7
"d029"	2	7	7	1	7	1	1	1	1	7	1	7	7	7	1	7	7	7	7	1	1	1	1	1	7	7	7	7	1	7	7	7	7	7	1	7	7	1	1	7	1	1	1	1	7	1	7	7	7	7	7	7	7	7	7	7	1	1	1	1	1	1	1	1	7	7	7	7	7	7	7	7	7	7	7	7	7	7	7	7	7	7	7	7	7	7	7	7	7	7	7	7	7	7	1	7	7	7	7	7	7	7	7	7	1	1	1	1	1	7	1	1	1	1	1	1	1	1	1	1	7	7	7	7	7	7	7	7	7	7	7	7	7	7	7	7	7	1	1	1	1	1	1	1	1	1	1	7
"d030"	2	1	1	7	1	1	7	7	7	1	1	1	1	1	7	1	1	1	1	7	7	7	7	1	1	7	7	1	1	1	1	1	1	1	1	7	1	1	1	1	1	1	1	1	1	7	7	7	1	1	1	1	1	1	1	1	1	1	7	7	7	7	7	5	1	1	1	1	1	1	1	1	1	1	1	1	1	1	1	1	1	1	1	1	1	1	1	1	1	1	1	1	1	1	7	7	7	7	7	7	7	7	7	7	7	7	7	7	7	1	1	1	1	1	1	1	1	1	1	7	1	1	1	1	1	1	1	1	1	1	1	1	1	1	1	1	1	1	1	1	1	1	1	1	1	1	1	1
"d031"	2	7	7	1	7	1	1	1	1	1	1	7	7	7	1	7	7	7	7	1	1	1	1	1	7	7	7	7	1	7	7	7	7	7	1	7	7	7	1	7	7	7	7	7	7	7	1	1	1	1	1	1	1	1	1	1	1	1	1	1	1	1	1	7	7	7	7	7	7	7	7	7	7	7	7	7	7	7	7	7	7	7	7	7	1	1	7	7	7	1	1	1	1	1	1	1	1	1	1	1	1	1	1	1	7	7	7	7	7	1	1	1	1	1	7	7	7	7	7	7	1	1	1	1	1	1	1	1	1	1	1	1	1	1	1	1	1	1	1	1	1	1	7	7	7	7	7	7
"d032"	2	7	7	1	7	1	7	1	7	7	1	7	7	7	7	7	7	7	7	7	1	1	1	1	1	7	7	7	1	7	1	1	1	1	1	7	7	7	1	7	7	7	7	7	7	1	1	1	1	7	7	7	7	7	7	7	1	1	1	1	1	1	1	1	1	1	1	1	1	1	1	1	1	1	1	1	1	1	1	1	1	1	1	1	1	1	7	1	1	1	1	1	1	1	1	1	1	1	1	1	1	1	1	1	1	1	1	1	1	1	1	1	1	1	1	1	1	1	1	1	1	7	7	7	7	7	1	1	1	1	1	1	1	1	1	1	1	1	1	1	1	1	7	7	7	7	7	7
"d033"	8	1	1	1	1	1	1	1	1	7	1	1	1	1	1	1	1	1	1	1	1	1	1	1	1	1	1	1	1	1	1	1	1	1	1	1	1	1	1	1	1	7	1	1	1	7	1	1	1	7	7	7	7	7	7	7	1	1	1	1	1	1	7	7	7	7	7	7	7	7	7	7	7	7	7	7	7	7	7	7	7	7	7	7	1	1	1	1	1	7	7	7	7	7	1	7	7	7	7	1	1	1	1	1	1	1	1	1	1	1	1	1	1	1	1	1	1	1	1	7	1	1	1	1	1	1	1	1	1	1	1	7	7	7	7	7	7	7	7	7	7	7	1	1	1	1	1	1
"d034"	4	1	1	1	1	1	1	1	1	7	7	1	1	1	1	1	1	1	1	1	1	1	1	1	1	1	1	1	1	1	1	1	1	1	1	1	7	1	1	7	1	7	1	1	1	7	1	1	1	7	7	7	7	7	7	7	7	7	7	7	7	7	1	7	1	1	1	1	1	1	1	1	1	1	1	1	1	1	1	1	1	1	1	1	7	7	1	1	1	7	7	7	7	7	1	1	1	1	1	1	1	1	1	1	7	7	7	7	7	7	7	7	7	7	1	1	1	1	1	7	1	1	1	1	1	1	1	1	1	1	1	7	7	7	7	7	7	7	7	7	7	7	1	1	1	1	1	7
"d035"	2	1	1	1	1	7	7	1	7	1	1	1	1	1	7	1	1	1	1	1	1	1	1	7	7	1	7	1	7	1	7	7	7	7	7	7	1	7	7	1	1	1	1	7	1	1	1	1	7	1	1	1	1	1	1	1	1	1	1	1	1	1	1	1	7	7	7	7	7	7	7	7	7	7	7	7	7	7	7	7	7	7	7	7	1	1	1	1	1	1	1	1	1	1	1	1	1	1	1	7	7	7	7	7	7	7	7	7	7	1	1	1	1	1	1	1	1	1	1	7	1	7	7	7	7	7	7	7	7	7	7	1	1	1	1	1	1	1	1	1	1	1	7	7	7	7	7	7
"d036"	2	1	1	7	1	7	7	7	7	1	1	1	1	1	7	1	1	1	1	7	7	7	7	7	7	7	1	1	7	1	7	7	7	7	7	1	1	1	7	1	1	1	1	1	1	7	1	1	1	1	1	1	1	1	1	1	7	7	1	1	1	1	1	1	1	1	1	1	1	1	1	1	1	1	1	1	1	1	1	1	1	1	1	1	1	1	7	7	7	1	1	1	1	1	1	1	1	1	1	1	1	1	1	1	1	1	1	1	1	1	1	1	1	1	1	1	1	1	1	7	1	1	1	1	1	1	1	1	1	1	1	1	1	1	1	1	1	1	1	1	1	1	1	1	1	1	1	1
"d037"	0	1	1	1	1	7	1	1	1	1	1	1	1	1	1	1	1	1	1	1	1	1	1	7	7	1	7	1	7	1	7	7	7	7	7	7	1	7	7	1	7	7	7	7	1	7	1	1	1	1	1	1	1	1	1	1	1	1	1	1	1	1	1	1	1	1	1	1	1	1	1	1	1	1	1	1	1	1	1	1	1	1	1	1	1	1	1	1	1	7	7	7	7	7	1	7	7	7	7	7	7	7	7	7	7	7	7	7	7	7	7	7	7	7	7	7	7	7	7	7	7	7	7	7	7	7	7	7	7	7	7	7	7	7	7	7	7	7	7	7	7	7	7	7	7	7	7	7
"d038"	2	1	1	7	1	1	7	7	7	1	1	1	1	1	7	1	1	1	1	7	7	7	7	1	7	7	1	1	1	1	7	7	7	7	1	1	1	1	1	1	7	7	7	1	1	7	1	1	1	1	1	1	1	1	1	1	1	1	7	7	7	7	7	7	1	1	1	1	1	1	1	1	1	1	1	1	1	1	1	1	1	1	1	1	1	1	7	7	7	1	1	1	1	1	1	1	1	1	1	7	7	7	7	7	7	7	7	7	7	7	7	7	7	7	7	7	7	7	7	1	7	1	1	1	1	1	7	7	7	7	7	1	1	1	1	1	1	7	7	7	7	7	1	1	1	1	1	1
"d039"	2	7	7	1	7	1	1	1	1	7	1	7	7	7	1	7	7	7	7	1	1	1	1	1	7	1	1	7	1	7	7	7	7	7	1	1	7	1	1	7	1	7	1	1	7	1	1	1	1	7	7	7	7	7	7	7	1	1	1	1	1	1	1	7	1	1	1	1	1	1	1	1	1	1	1	1	1	1	1	1	1	1	1	1	1	1	1	1	1	1	1	1	1	1	1	1	1	1	1	7	7	7	7	7	1	1	1	1	1	7	1	1	1	1	1	1	1	1	1	1	1	1	1	1	1	1	1	1	1	1	1	7	7	7	7	7	7	7	7	7	7	7	1	1	1	1	1	7
"d040"	2	1	1	1	1	1	1	1	1	1	1	1	1	1	1	1	1	1	1	1	1	1	1	1	1	1	1	1	1	1	1	1	1	1	1	1	1	1	1	1	1	1	1	1	1	1	1	1	1	1	1	1	1	1	1	1	7	7	1	1	1	1	1	1	1	1	1	1	1	1	1	1	1	1	1	1	1	1	1	1	1	1	1	1	1	1	1	1	1	7	7	1	1	1	1	1	1	1	1	1	1	1	1	1	1	1	1	1	1	1	1	1	1	1	1	1	1	1	1	1	1	1	1	1	1	1	1	1	1	1	1	1	1	1	1	1	1	1	1	1	1	1	1	1	1	1	1	1
"d041"	2	1	1	7	1	1	7	7	7	7	1	1	1	1	7	1	1	1	1	7	7	7	7	1	1	1	7	1	1	1	1	1	1	1	1	7	1	1	1	1	1	1	1	1	1	7	7	7	7	7	7	7	7	7	7	7	1	1	7	7	7	7	7	7	1	1	1	1	1	1	1	1	1	1	1	1	1	1	1	1	1	1	1	1	1	1	1	1	1	7	7	7	7	7	7	7	7	7	7	1	1	1	1	1	7	7	7	7	7	1	1	1	1	1	1	1	1	1	1	1	1	7	7	7	7	7	1	1	1	1	1	1	1	1	1	1	1	7	7	7	7	7	7	1	1	1	1	7
"d042"	2	1	1	7	1	7	7	7	7	1	1	1	1	1	7	1	1	1	1	7	7	7	7	7	7	7	7	1	7	1	7	7	7	7	7	7	1	1	7	1	1	7	1	1	1	7	7	7	1	1	1	1	1	1	1	1	7	7	1	1	1	1	1	1	1	1	1	1	1	1	1	1	1	1	1	1	1	1	1	1	1	1	1	1	1	1	1	1	1	1	1	1	1	1	1	1	1	1	1	1	1	1	1	1	1	1	1	1	1	1	1	1	1	1	1	1	1	1	1	1	1	1	1	1	1	1	7	7	7	7	7	7	7	7	7	7	7	7	7	7	7	7	1	1	1	1	1	1
"d043"	2	7	7	7	1	7	7	7	7	1	1	1	7	7	7	7	7	7	1	7	7	7	7	7	1	1	7	7	7	1	1	1	1	1	7	7	1	7	7	1	7	7	7	7	1	7	7	7	7	1	1	1	1	1	1	1	7	7	1	1	1	1	7	7	1	1	1	1	1	1	1	1	1	1	1	1	1	1	1	1	1	1	1	1	7	7	1	1	1	7	7	7	7	7	1	1	1	1	1	7	7	7	7	7	7	7	7	7	7	1	1	1	1	1	1	1	1	1	1	1	7	7	7	7	7	7	7	7	7	7	7	1	1	1	1	1	1	1	1	1	1	1	7	7	7	7	7	7
"d044"	2	1	1	1	1	1	1	1	1	7	1	1	1	1	1	1	1	1	1	1	1	1	1	1	7	1	7	1	1	1	7	7	7	7	1	7	1	7	1	1	7	7	7	7	1	1	1	1	1	7	7	7	7	7	7	7	7	1	1	1	1	1	7	7	7	7	7	7	7	7	7	7	7	7	7	7	7	7	7	7	7	7	7	7	1	1	1	7	1	7	7	1	1	1	1	7	7	7	7	1	1	1	1	1	1	1	1	1	1	7	7	7	7	7	7	7	7	7	7	1	7	7	7	7	7	7	1	1	1	1	1	7	7	7	7	7	7	1	1	1	1	1	7	7	7	7	7	7
"d045"	2	7	7	7	7	7	7	7	7	1	1	7	7	7	7	7	7	7	7	7	7	7	7	7	7	1	1	7	7	7	7	7	7	7	7	1	7	1	7	7	1	7	1	1	7	1	1	1	1	1	1	1	1	1	1	1	1	1	7	7	7	7	1	1	1	1	1	1	1	1	1	1	1	1	1	1	1	1	1	1	1	1	1	1	7	7	1	1	1	1	1	1	1	1	1	1	1	1	1	1	1	1	1	1	1	1	1	1	1	1	1	1	1	1	1	1	1	1	1	1	7	1	1	1	1	1	1	1	1	1	1	7	7	7	7	7	7	1	1	1	1	1	1	1	1	1	1	1
"d046"	4	1	1	1	1	1	1	1	1	1	1	1	1	1	1	1	1	1	1	1	1	1	1	1	1	7	1	1	1	1	1	1	1	1	1	1	1	1	1	1	1	1	1	1	1	7	1	1	1	1	1	1	1	1	1	1	1	1	1	1	1	1	7	1	1	1	1	1	1	1	1	1	1	1	1	1	1	1	1	1	1	1	1	1	1	1	1	1	1	0	0	1	1	1	1	1	1	1	1	1	1	1	1	1	7	7	7	7	7	1	1	1	1	1	1	1	1	1	1	1	1	1	1	1	1	1	1	1	1	1	1	1	1	1	1	1	1	1	1	1	1	1	1	1	1	1	1	1
"d047"	5	1	1	7	1	1	7	7	7	1	1	1	1	1	7	1	1	1	1	7	7	7	7	1	7	1	1	1	1	1	7	7	7	7	1	1	1	1	1	1	7	7	7	1	1	1	1	1	1	1	1	1	1	1	1	1	7	7	1	1	1	1	1	7	1	1	1	1	1	1	1	1	1	1	1	1	1	1	1	1	1	1	1	1	0	7	7	7	7	7	7	7	7	7	5	7	7	7	7	7	7	7	7	7	1	1	1	1	1	1	1	1	1	1	1	1	1	1	1	7	7	7	7	7	7	7	1	1	1	1	1	1	1	1	1	1	1	7	7	7	7	7	1	1	1	1	1	7
"d048"	3	1	1	1	1	1	1	1	1	7	1	1	1	1	1	1	1	1	1	1	1	1	1	1	1	1	1	1	1	1	1	1	1	1	1	1	1	1	1	1	1	7	1	1	1	7	7	7	7	7	7	7	7	7	7	7	0	1	7	7	7	7	1	0	7	7	7	7	7	7	7	7	7	7	7	7	7	7	7	7	7	7	7	7	0	7	7	1	1	7	7	1	1	1	5	1	1	1	1	7	7	7	7	7	1	1	1	1	1	7	7	7	7	7	1	1	1	1	1	7	0	1	1	1	1	1	1	1	1	1	1	7	7	7	7	7	7	1	1	1	1	1	1	1	1	1	1	1
"d049"	4	7	7	7	7	1	7	7	7	7	7	7	7	7	7	7	7	7	7	7	7	7	7	1	7	1	1	7	1	7	7	7	7	7	1	1	7	1	1	7	1	7	1	1	7	7	1	1	1	7	7	7	7	7	7	7	1	1	1	1	1	1	1	1	1	1	1	1	1	1	1	1	1	1	1	1	1	1	1	1	1	1	1	1	7	7	1	1	1	1	1	1	1	1	1	7	7	7	7	7	7	7	7	7	7	7	7	7	7	7	7	7	7	7	1	1	1	1	1	7	1	1	1	1	1	1	7	7	7	7	7	1	1	1	1	1	1	7	7	7	7	7	1	1	1	1	1	1
"d050"	2	7	7	7	7	7	7	7	7	7	1	7	7	7	7	7	7	7	7	7	7	7	7	7	1	1	1	7	7	7	1	1	1	1	7	1	7	7	7	7	7	1	7	7	7	1	7	7	7	7	7	7	7	7	7	7	1	1	1	1	1	1	1	1	1	1	1	1	1	1	1	1	1	1	1	1	1	1	1	1	1	1	1	1	1	1	1	1	1	7	7	7	7	7	1	1	1	1	1	7	7	7	7	7	1	1	1	1	1	7	7	7	7	7	1	1	1	1	1	1	7	7	7	7	7	7	7	7	7	7	7	7	7	7	7	7	7	7	7	7	7	7	7	7	7	7	7	7
"d051"	3	1	1	7	1	7	7	7	7	7	1	1	1	1	7	1	1	1	1	7	7	7	7	7	7	7	1	1	7	1	7	7	7	7	7	1	1	1	7	1	1	1	1	1	1	7	7	7	7	7	7	7	7	7	7	7	7	7	1	1	1	1	1	0	1	1	1	1	1	1	1	1	1	1	1	1	1	1	1	1	1	1	1	1	0	7	7	7	7	7	7	1	1	1	0	7	7	7	7	7	7	7	7	7	7	7	7	7	7	7	7	7	7	7	1	1	1	1	1	7	7	7	7	7	7	7	1	1	1	1	1	1	1	1	1	1	1	1	1	1	1	1	1	1	1	1	1	1
"d052"	2	7	7	7	7	1	7	7	7	7	7	7	7	7	7	7	7	7	7	7	7	7	7	1	7	7	7	7	1	7	7	7	7	7	1	7	7	7	1	7	1	7	1	7	7	1	7	7	7	7	7	7	7	7	7	7	1	1	7	7	7	7	7	7	7	7	7	7	7	7	7	7	7	7	7	7	7	7	7	7	7	7	7	7	7	7	7	7	7	7	7	1	1	1	1	7	7	7	7	7	7	7	7	7	1	1	1	1	1	1	1	1	1	1	7	7	7	7	7	7	7	7	7	7	7	7	1	1	1	1	1	7	7	7	7	7	7	7	7	7	7	7	7	7	7	7	7	1
"d053"	2	1	1	7	1	1	7	7	7	1	1	1	1	1	7	1	1	1	1	7	7	7	7	1	7	1	1	1	1	1	7	7	7	7	1	1	1	1	1	1	7	1	7	1	1	7	1	1	1	1	1	1	1	1	1	1	1	1	1	1	1	1	1	1	7	7	7	7	7	7	7	7	7	7	7	7	7	7	7	7	7	7	7	7	1	1	1	1	1	1	1	7	7	7	1	7	7	7	7	1	1	1	1	1	1	1	1	1	1	1	1	1	1	1	1	1	1	1	1	7	1	1	1	1	1	1	1	1	1	1	1	1	1	1	1	1	1	1	1	1	1	1	1	1	1	1	1	1
"d054"	2	1	1	1	1	7	1	1	1	1	1	1	1	1	1	1	1	1	1	1	1	1	1	7	7	1	7	1	7	1	7	7	7	7	7	7	1	1	7	1	7	1	7	1	1	1	1	1	1	1	1	1	1	1	1	1	1	1	7	7	7	7	7	7	7	7	7	7	7	7	7	7	7	7	7	7	7	7	7	7	7	7	7	7	1	1	1	1	1	1	1	7	7	7	1	1	1	1	1	1	1	1	1	1	1	1	1	1	1	1	1	1	1	1	1	1	1	1	1	7	7	7	7	7	7	7	1	1	1	1	1	7	7	7	7	7	7	7	7	7	7	7	1	1	1	1	1	1
"d055"	2	1	1	1	1	1	1	1	1	7	1	1	1	1	1	1	1	1	1	1	1	1	1	1	1	1	7	1	1	1	1	1	1	1	1	7	1	1	1	1	1	1	1	1	1	1	1	1	1	7	7	7	7	7	7	7	1	1	1	1	1	1	1	7	1	1	1	1	1	1	1	1	1	1	1	1	1	1	1	1	1	1	1	1	1	1	1	1	1	1	1	1	1	1	1	1	1	1	1	1	1	1	1	1	1	1	1	1	1	1	1	1	1	1	1	1	1	1	1	1	1	1	1	1	1	1	1	1	1	1	1	1	1	1	1	1	1	1	1	1	1	1	1	1	1	1	1	7
"d056"	2	1	1	1	1	1	1	1	1	1	1	1	1	1	1	1	1	1	1	1	1	1	1	1	7	1	1	1	1	1	7	7	7	7	1	1	1	1	1	1	1	1	1	1	1	7	1	1	1	1	1	1	1	1	1	1	1	1	1	1	1	1	1	1	1	1	1	1	1	1	1	1	1	1	1	1	1	1	1	1	1	1	1	1	1	1	1	1	1	1	1	1	1	1	1	1	1	1	1	1	1	1	1	1	1	1	1	1	1	1	1	1	1	1	1	1	1	1	1	1	1	1	1	1	1	1	1	1	1	1	1	1	1	1	1	1	1	1	1	1	1	1	1	1	1	1	1	1
"d057"	8	7	7	7	7	1	7	7	7	7	1	7	7	7	7	7	7	7	7	7	7	7	7	1	7	1	7	7	1	7	7	7	7	7	1	7	7	1	1	7	7	7	7	1	7	7	1	1	1	7	7	7	7	7	7	7	1	1	7	7	7	7	7	7	7	7	7	7	7	7	7	7	7	7	7	7	7	7	7	7	7	7	7	7	7	7	7	7	7	7	7	7	7	7	1	7	7	7	7	7	7	7	7	7	7	7	7	7	7	7	7	7	7	7	1	1	1	1	1	7	7	7	7	7	7	7	1	1	1	7	1	1	1	1	1	1	1	7	7	7	7	7	1	1	7	1	1	7
"d058"	11	7	7	7	7	1	7	7	7	7	7	7	7	7	7	7	7	7	7	7	7	7	7	1	7	7	1	7	1	7	7	7	7	7	1	1	7	7	1	7	1	1	1	7	7	1	7	7	7	7	7	7	7	7	7	7	7	7	7	7	7	7	7	7	7	7	7	7	7	7	7	7	7	7	7	7	7	7	7	7	7	7	7	7	7	7	7	7	7	7	7	7	7	7	7	7	7	7	7	7	7	7	7	7	1	1	1	1	1	1	1	1	1	1	7	7	7	7	7	1	1	1	1	1	1	1	1	1	1	1	1	1	1	1	1	1	1	1	1	1	1	7	7	7	7	7	7	7
"d059"	2	1	1	1	1	1	1	1	1	1	1	1	1	1	1	1	1	1	1	1	1	1	1	1	1	1	1	1	1	1	1	1	1	1	1	1	1	1	1	1	1	1	1	1	1	7	1	1	1	1	1	1	1	1	1	1	7	7	1	1	1	1	7	7	1	1	1	1	1	1	1	1	1	1	1	1	1	1	1	1	1	1	1	1	1	1	1	1	1	7	7	1	1	1	1	7	7	7	7	1	1	1	1	1	1	1	1	1	1	1	1	1	1	1	1	1	1	1	1	1	1	7	7	7	7	7	1	1	1	1	1	7	7	7	7	7	7	1	1	1	1	1	1	1	1	1	1	7
"d060"	3	1	1	7	1	7	7	7	7	1	1	1	1	1	7	1	1	1	1	7	7	7	7	7	1	7	7	1	1	1	1	1	1	1	1	7	1	1	1	1	1	1	1	1	1	7	1	1	1	1	1	1	1	1	1	1	0	1	1	1	1	1	1	0	1	1	1	1	1	1	1	1	1	1	1	1	1	1	1	1	1	1	1	1	0	7	1	1	1	7	7	7	7	7	0	7	7	7	7	1	1	1	1	1	7	7	7	7	7	1	1	1	1	1	1	1	1	1	1	0	0	1	1	1	1	1	1	1	1	1	1	7	7	7	7	7	7	1	1	1	1	1	1	1	1	1	1	1
"d061"	2	1	1	7	1	1	7	7	7	7	1	1	1	1	7	1	1	1	1	7	7	7	7	1	1	1	1	1	1	1	1	1	1	1	1	1	1	1	1	1	1	1	1	1	1	1	1	1	1	7	7	7	7	7	7	7	1	1	1	1	1	1	1	1	7	7	7	7	7	7	7	7	7	7	7	7	7	7	7	7	7	7	7	7	7	7	1	1	1	7	7	7	7	7	1	7	7	7	7	1	1	1	1	1	7	7	7	7	7	1	1	1	1	1	1	1	1	1	1	1	1	1	1	1	1	1	7	7	7	7	7	1	1	1	1	1	1	1	1	1	1	1	1	1	1	1	1	1
"d062"	2	1	1	1	1	1	1	1	1	1	1	1	1	1	1	1	1	1	1	1	1	1	1	1	1	1	1	1	1	1	1	1	1	1	1	1	1	1	1	1	1	1	1	1	1	1	1	1	1	1	1	1	1	1	1	1	1	1	1	1	1	1	1	1	1	1	1	1	1	1	1	1	1	1	1	1	1	1	1	1	1	1	1	1	1	1	1	1	1	7	7	7	7	7	7	7	7	7	7	7	7	7	7	7	7	7	7	7	7	7	1	1	1	1	1	1	1	1	1	1	1	7	7	7	7	7	1	1	1	1	1	1	1	1	1	1	1	1	1	1	1	1	1	1	1	1	1	7
"d063"	7	1	1	1	7	1	1	1	1	7	1	1	1	1	1	1	1	1	1	1	1	1	1	1	1	1	1	1	1	1	1	1	1	1	1	1	1	1	1	1	7	7	7	1	1	1	1	1	1	7	7	7	7	7	7	7	1	1	1	1	1	1	1	5	1	1	1	1	1	1	1	1	1	1	1	1	1	1	1	1	1	1	1	1	1	1	1	1	1	1	1	1	1	1	1	1	1	1	1	1	1	1	1	1	1	1	1	1	1	1	1	1	1	1	1	1	1	1	1	7	1	1	1	1	1	1	1	1	1	1	1	1	1	1	1	1	1	1	1	1	1	1	1	1	1	1	1	1
"d064"	2	1	1	1	7	1	1	1	1	7	1	1	1	1	1	1	1	1	1	1	1	1	1	1	1	1	1	1	1	1	1	1	1	1	1	1	1	1	1	1	1	1	1	1	1	1	1	1	1	7	7	7	7	7	7	7	7	7	1	1	1	1	1	1	1	1	1	1	1	1	1	1	1	1	1	1	1	1	1	1	1	1	1	1	1	1	1	1	1	1	1	1	1	1	1	1	1	1	1	1	1	1	1	1	1	7	1	1	1	1	1	1	1	1	1	1	1	1	1	1	1	1	1	1	1	1	1	1	1	1	1	1	1	1	1	1	1	1	1	1	1	1	1	1	1	1	1	1
"d065"	5	1	1	7	7	1	7	7	7	1	1	1	1	1	7	1	1	1	1	7	7	7	7	1	1	1	1	1	1	1	1	1	1	1	1	1	1	1	1	1	1	1	1	1	1	1	1	1	1	1	1	1	1	1	1	1	1	1	1	1	1	1	1	1	1	1	1	1	1	1	1	1	1	1	1	1	1	1	1	1	1	1	1	1	1	1	1	1	1	1	1	1	1	1	1	7	7	7	7	1	1	1	1	1	1	1	1	1	1	1	1	1	1	1	1	1	1	1	1	1	1	1	1	1	1	1	1	1	1	1	1	1	1	1	1	1	1	1	1	1	1	1	1	1	1	1	1	1
"d066"	2	1	1	1	1	1	1	1	1	1	1	1	1	1	1	1	1	1	1	1	1	1	1	1	7	1	1	1	1	1	7	7	7	7	1	1	1	1	1	1	1	1	1	1	1	1	7	7	1	1	1	1	1	1	1	1	1	1	1	1	1	1	1	7	1	1	1	1	1	1	1	1	1	1	1	1	1	1	1	1	1	1	1	1	1	1	1	1	1	1	1	1	1	1	1	1	1	1	1	1	1	1	1	1	1	1	1	1	1	1	1	1	1	1	1	1	1	1	1	1	1	1	1	1	1	1	1	1	1	1	1	1	1	1	1	1	1	7	7	7	7	7	1	1	1	1	1	1
"d067"	2	7	7	7	7	7	7	7	7	7	7	7	7	7	7	7	7	7	7	7	7	7	7	7	7	7	7	7	7	7	7	7	7	7	7	7	7	7	7	7	7	7	7	7	7	7	7	7	7	7	7	7	7	7	7	7	7	7	1	1	1	1	1	7	7	7	7	7	7	7	7	7	7	7	7	7	7	7	7	7	7	7	7	7	7	7	7	7	7	7	7	7	7	7	7	7	7	7	7	7	7	7	7	7	7	7	7	7	7	7	7	7	7	7	7	7	7	7	7	7	7	7	7	7	7	7	7	7	7	7	7	7	7	7	7	7	7	7	7	7	7	7	7	7	7	7	7	7
"d068"	5	1	1	7	1	1	7	7	7	1	1	1	1	1	7	1	1	1	1	7	7	7	7	1	1	1	7	1	1	1	1	1	1	1	1	7	1	7	1	1	7	7	7	7	1	7	1	1	1	1	1	1	1	1	1	1	1	1	7	7	7	7	7	1	1	1	1	1	1	1	1	1	1	1	1	1	1	1	1	1	1	1	1	1	0	7	1	1	1	7	7	7	7	7	5	1	1	1	1	7	7	7	7	7	1	1	1	1	1	1	1	1	1	1	1	1	1	1	1	7	7	7	7	7	7	7	7	7	7	7	7	1	1	1	1	1	1	1	1	1	1	1	7	7	7	7	7	7
"d069"	11	1	1	1	1	1	1	1	1	1	1	1	1	1	1	1	1	1	1	1	1	1	7	1	1	1	1	1	1	1	1	1	1	1	1	1	1	1	1	1	1	1	1	1	1	1	1	1	1	1	1	1	1	1	1	1	1	1	1	1	1	7	1	1	1	1	1	1	1	1	1	1	1	1	1	7	1	1	1	1	1	1	1	1	1	1	1	1	1	1	1	1	1	1	1	1	1	1	1	1	1	1	1	1	1	1	1	1	1	1	1	1	1	1	1	1	1	1	1	1	1	1	1	1	1	1	1	1	1	1	1	1	1	1	1	1	1	1	1	1	1	1	1	1	1	1	1	1
"d070"	2	1	1	1	1	1	1	1	1	1	1	1	1	1	1	1	1	1	1	1	1	1	1	1	1	1	1	1	1	1	1	1	1	1	1	1	1	1	1	7	1	1	1	1	1	1	1	1	1	1	1	1	0	1	1	1	1	1	1	1	1	1	1	1	1	1	1	1	1	1	1	1	1	1	1	1	1	1	1	1	1	1	1	1	1	1	1	1	1	1	1	7	7	7	1	1	1	1	1	1	1	1	1	1	1	1	1	1	1	1	1	1	1	1	1	1	1	1	1	1	1	1	1	1	1	1	1	1	1	1	1	1	1	1	1	1	1	1	1	1	1	1	1	1	1	1	1	1
"d071"	2	7	7	7	7	1	7	7	7	7	7	7	7	7	7	7	7	7	7	7	7	7	7	1	1	7	1	7	1	7	1	1	1	1	1	1	7	1	1	7	1	1	1	1	7	7	7	7	7	7	7	7	7	7	7	7	7	7	7	7	7	7	7	7	7	7	7	7	7	7	7	7	7	7	7	7	7	7	7	7	7	7	1	7	7	7	7	7	7	7	7	7	7	7	7	7	7	7	7	1	1	1	1	1	1	1	1	1	1	1	1	1	1	1	1	1	1	1	1	1	1	1	1	1	1	1	1	1	1	1	1	1	1	1	1	1	1	1	1	1	1	1	1	1	1	1	1	1
"d072"	2	7	7	7	7	1	7	7	7	7	1	7	7	7	7	7	7	7	7	7	7	7	7	1	7	1	7	7	1	7	7	7	7	7	1	7	7	1	1	7	1	1	1	1	7	1	1	1	1	7	7	7	7	7	7	7	1	1	7	7	7	7	1	7	1	1	1	1	1	1	1	1	1	1	1	1	1	1	1	1	1	1	7	1	1	1	1	1	1	1	1	7	7	7	1	7	7	7	7	1	1	1	1	1	7	7	7	7	7	7	7	7	7	7	1	1	1	1	1	7	1	1	1	1	1	1	1	1	1	1	1	1	1	1	1	1	1	7	7	7	7	7	1	1	1	1	1	1
"d073"	3	7	7	7	7	1	7	7	7	1	1	7	7	7	7	7	7	7	7	7	7	7	7	1	1	1	7	7	1	7	1	1	1	1	1	7	7	1	1	7	1	1	1	1	7	7	7	7	1	1	1	1	1	1	1	1	7	7	1	1	1	1	1	0	7	7	7	7	7	7	7	7	7	7	7	7	7	7	7	7	7	7	7	7	0	7	1	1	1	7	7	1	1	1	1	1	1	1	1	7	7	7	7	7	1	1	1	1	1	1	1	1	1	1	7	7	7	7	7	1	7	1	1	1	1	1	1	1	1	1	1	1	1	1	1	1	1	1	1	1	1	1	1	1	1	1	1	1
"d074"	2	1	1	1	1	1	1	1	1	1	1	1	1	1	1	1	1	1	1	1	1	1	1	1	1	1	1	1	1	1	1	1	1	1	1	1	1	1	1	1	1	7	1	1	1	1	7	7	7	1	1	1	1	1	1	1	1	1	7	7	7	7	1	7	7	7	7	7	7	7	7	7	7	7	7	7	7	7	7	7	7	7	7	7	1	1	1	1	1	7	7	7	7	7	1	1	1	1	1	1	1	1	1	1	1	1	1	1	1	1	1	1	1	1	1	1	1	1	1	7	7	7	7	7	7	7	1	1	1	1	1	1	1	1	1	1	1	1	1	1	1	1	1	1	1	1	1	1
"d075"	2	1	1	1	1	1	1	1	1	7	1	1	1	1	1	1	1	1	1	1	1	1	1	1	7	1	1	1	1	1	7	7	7	7	1	1	1	1	1	1	1	7	1	1	1	1	7	7	1	7	7	7	7	7	7	7	1	1	1	1	1	1	1	1	1	1	1	1	1	1	1	1	1	1	1	1	1	1	1	1	1	1	1	1	1	1	1	1	1	1	1	7	7	7	1	1	1	1	1	7	7	7	7	7	1	1	1	1	1	1	1	1	1	1	1	1	1	1	1	1	1	7	7	7	7	7	1	1	1	1	1	1	1	1	1	1	1	1	1	1	1	1	1	1	1	1	1	1
"d076"		7	7	7	7	1	7	7	7	7	7	7	7	7	7	7	7	7	7	7	7	7	7	1	1	7	7	7	1	7	1	1	1	1	1	7	7	1	1	7	7	1	7	1	7	1	7	7	7	7	7	7	7	7	7	7	7	7	7	7	7	7	7	7	7	7	7	7	7	7	7	7	7	7	7	7	7	7	7	7	7	7	7	7	7	7	7	7	7	7	7	7	7	7	5	7	7	7	7	1	1	7	1	1	7	7	7	7	7	7	7	7	7	7	1	1	1	1	1	1	1	1	1	1	1	1	7	7	1	1	7	1	1	1	1	1	1	1	1	1	1	1	1	1	1	1	1	7
"d077"	11	1	1	1	1	7	1	1	1	1	1	1	1	1	1	1	1	1	1	1	1	1	1	7	7	1	1	1	7	1	7	7	7	7	7	1	1	1	7	1	1	7	1	1	1	7	1	1	1	1	1	1	1	1	1	1	1	1	1	1	1	1	1	1	1	1	1	1	1	1	1	1	1	1	1	1	1	1	1	1	1	1	1	1	1	1	1	1	1	1	1	1	1	1	1	1	1	1	1	7	7	7	7	7	7	7	7	7	7	1	1	1	1	1	1	1	1	1	1	1	1	1	1	1	1	1	1	1	7	7	1	1	1	1	1	1	1	1	1	1	1	1	1	1	1	1	1	1
"d078"	2	1	1	1	1	1	1	1	1	7	7	1	1	1	1	1	1	1	1	1	1	1	1	1	1	1	7	1	1	1	1	1	1	1	1	7	1	1	1	1	1	1	1	1	1	1	1	1	1	7	7	7	7	7	7	7	1	1	1	1	1	1	1	1	7	7	7	7	7	7	7	7	7	7	7	7	7	7	7	7	7	7	7	7	1	1	1	1	1	7	7	1	1	1	1	1	1	1	1	1	1	1	1	1	1	1	1	1	1	1	1	1	1	1	1	1	1	1	1	1	1	1	1	1	1	1	1	1	1	1	1	1	1	1	1	1	1	1	1	1	1	1	1	1	1	1	1	1
"d079"	4	7	7	7	7	1	7	7	7	7	7	7	7	7	7	7	7	7	7	7	7	7	7	1	7	1	1	7	1	7	7	7	7	7	1	1	7	1	1	7	7	7	7	1	7	7	1	1	1	7	7	7	7	7	7	7	1	1	7	7	7	7	1	7	7	7	7	7	7	7	7	7	7	7	7	7	7	7	7	7	7	7	7	7	7	7	7	7	7	7	7	1	1	1	1	7	7	7	7	7	7	7	7	7	1	1	1	1	1	1	1	1	1	1	1	1	1	1	1	7	1	7	7	7	7	7	1	1	1	1	1	7	7	7	7	7	7	1	1	1	1	1	1	1	1	1	1	7
"d080"	3	1	1	7	7	7	7	7	7	7	7	7	1	1	7	1	1	1	1	7	7	7	7	7	7	1	7	1	7	7	7	7	7	7	7	7	1	1	7	1	7	1	7	1	7	7	7	7	7	7	7	7	7	7	7	7	7	7	7	7	7	7	7	0	7	7	7	7	7	7	7	7	7	7	7	7	7	7	7	7	7	7	7	7	7	7	7	7	7	7	7	7	7	7	5	7	7	7	7	1	1	1	1	1	7	7	7	7	7	1	7	7	7	7	7	7	7	7	7	1	7	7	7	7	7	7	1	1	1	1	1	7	7	7	7	7	7	1	1	1	1	1	1	1	1	1	1	1
"d081"	11	7	7	7	7	7	7	7	7	7	7	7	7	7	7	7	7	7	7	7	7	7	7	7	7	7	7	7	7	7	7	7	7	7	7	7	7	7	7	7	7	7	7	7	7	7	7	7	7	7	7	7	7	7	7	7	7	7	7	7	7	7	7	7	7	7	7	7	7	7	7	7	7	7	7	7	7	7	7	7	7	7	7	7	7	7	7	7	7	7	7	7	7	7	7	7	7	7	7	7	7	7	7	7	7	7	7	7	7	7	7	7	7	7	7	7	7	7	7	7	7	7	7	7	7	7	7	7	7	7	7	7	7	7	7	7	7	7	7	7	7	7	7	7	7	7	7	7
"d082"	2	1	1	7	1	7	7	7	7	7	1	1	1	1	7	1	1	1	1	7	7	7	7	7	7	1	7	1	7	1	7	7	7	7	7	7	1	1	7	1	7	1	7	1	1	1	1	1	1	7	7	7	7	7	7	7	7	7	1	1	1	1	1	1	7	7	7	7	7	7	7	7	7	7	7	7	7	7	7	7	7	7	7	7	1	1	1	1	1	1	1	7	7	7	1	7	7	7	7	7	7	7	7	7	7	7	7	7	7	7	7	7	7	7	1	1	1	1	1	7	1	1	1	1	1	1	1	1	1	1	1	1	1	1	1	1	1	1	1	1	1	1	1	1	1	1	1	1
"d083"	3	7	7	7	7	1	7	7	7	7	1	7	7	7	7	7	7	7	7	7	7	7	7	1	1	1	7	7	1	7	1	1	1	1	1	7	7	7	1	7	1	7	1	7	7	7	7	7	1	7	7	7	7	7	7	7	0	1	7	7	7	7	7	0	7	7	7	7	7	7	7	7	7	7	7	7	7	7	7	7	7	7	7	7	0	7	1	1	1	7	7	7	7	7	1	7	7	7	7	1	1	1	1	1	1	1	1	1	1	1	1	1	1	1	1	1	1	1	1	7	7	7	7	7	7	7	7	7	7	7	7	1	1	1	1	1	1	7	7	7	7	7	7	7	7	7	7	7
"d084"	2	7	7	1	7	1	1	1	1	7	1	7	7	7	1	7	7	7	7	1	1	1	1	1	7	1	7	7	1	7	7	7	7	7	1	7	7	1	1	7	1	1	1	1	7	7	7	7	1	7	7	7	7	7	7	7	1	1	7	7	7	7	1	1	7	7	7	7	7	7	7	7	7	7	7	7	7	7	7	7	7	7	7	7	1	1	1	1	1	1	1	1	1	1	1	7	7	7	7	1	1	1	1	1	1	1	1	1	1	7	7	7	7	7	1	1	1	1	1	7	1	7	7	7	7	7	7	7	7	7	7	1	1	1	1	1	1	1	1	1	1	1	1	1	1	1	1	1
"d085"	2	7	7	7	7	1	7	7	7	7	1	7	7	7	7	7	7	7	7	7	7	7	7	1	7	1	1	7	1	7	7	7	7	7	1	1	7	1	1	7	1	7	1	1	7	1	7	7	7	7	7	7	7	7	7	7	7	7	7	7	7	7	7	7	7	7	7	7	7	7	7	7	7	7	7	7	7	7	7	7	7	7	7	7	1	1	1	1	1	1	1	1	1	1	1	1	1	1	1	1	1	1	1	1	1	1	1	1	1	7	7	7	7	7	1	1	1	1	1	1	7	7	7	7	7	7	1	1	1	1	1	1	1	1	1	1	1	1	1	1	1	1	1	1	1	1	1	1
"d086"	2	7	7	1	7	7	1	1	1	1	1	7	7	7	1	7	7	7	7	1	1	1	1	7	7	7	7	7	7	7	7	7	7	7	7	7	7	7	7	7	7	7	7	7	7	7	1	1	1	1	1	1	1	1	1	1	1	1	1	1	1	1	1	1	7	7	7	7	7	7	7	7	7	7	7	7	7	7	7	7	7	7	7	7	7	7	7	7	7	7	7	7	7	7	7	7	7	7	7	7	7	7	7	7	7	7	7	7	7	7	7	7	7	7	7	7	7	7	7	7	7	7	7	7	7	7	7	7	7	7	7	7	7	7	7	7	7	7	7	7	7	7	7	7	7	7	7	7
"d087"	11	1	1	1	1	1	1	1	1	1	1	1	1	1	1	1	1	1	1	1	1	1	1	1	1	1	7	1	1	1	1	1	1	1	1	7	1	1	1	1	1	1	1	1	1	1	7	7	1	1	1	1	1	1	1	1	0	1	1	1	1	1	1	0	7	7	7	7	7	7	7	7	7	7	7	7	7	7	7	7	7	7	7	7	0	7	1	1	1	0	0	1	1	1	1	7	7	7	7	1	1	1	1	1	1	1	1	1	1	7	7	7	7	7	1	1	1	1	1	1	0	1	1	1	1	1	1	1	1	1	1	1	1	1	1	1	1	1	1	1	1	1	1	1	1	1	1	1
"d088"	2	7	7	1	7	1	1	1	1	1	1	7	7	7	1	7	7	7	7	1	1	1	1	1	7	1	1	7	1	7	7	7	7	7	1	1	7	1	1	7	7	1	7	1	7	7	7	7	7	1	1	1	1	1	1	1	1	1	1	1	1	1	1	7	1	1	1	1	1	1	1	1	1	1	1	1	1	1	1	1	1	1	1	1	1	1	1	1	1	1	1	1	1	1	1	1	1	1	1	1	1	1	1	1	1	1	1	1	1	1	1	1	1	1	1	1	1	1	1	1	7	1	1	1	1	1	1	7	1	1	1	1	1	1	1	1	1	7	7	7	7	7	1	1	1	1	1	1
"d089"	2	1	1	1	1	1	1	1	1	7	1	1	1	1	1	1	1	1	1	1	1	1	1	1	1	1	1	1	1	1	1	1	1	1	1	1	1	1	1	1	1	1	1	1	1	7	1	1	1	7	7	7	7	7	7	7	1	1	1	1	1	1	1	1	1	1	1	1	1	1	1	1	1	1	1	1	1	1	1	1	1	1	1	1	1	1	5	1	1	1	1	7	7	7	1	7	7	7	7	1	1	1	1	1	1	1	1	1	1	1	1	1	1	1	1	1	1	1	1	1	7	7	7	7	7	7	7	7	7	7	7	7	7	7	7	7	7	7	7	7	7	7	1	1	1	1	1	7
"d090"	2	7	7	7	7	1	7	7	7	7	7	7	7	7	7	7	7	7	7	7	7	7	7	1	7	7	7	7	1	7	7	7	7	7	1	7	7	1	1	7	1	7	1	1	7	7	1	1	1	7	7	7	7	7	7	7	1	1	1	1	1	1	7	7	7	7	7	7	7	7	7	7	7	7	7	7	7	7	7	7	7	7	7	7	7	7	1	1	1	7	7	1	1	1	1	7	7	7	7	1	1	1	1	1	1	1	1	1	1	7	7	7	7	7	7	7	7	7	7	1	1	7	7	7	7	7	7	7	7	7	7	1	1	1	1	1	1	1	1	1	1	1	1	1	1	1	1	7
"d091"	11	7	7	1	7	1	1	1	1	1	7	7	7	7	1	7	7	7	7	1	1	1	1	1	1	1	1	7	1	7	1	1	1	1	1	1	7	1	1	7	7	1	7	1	7	7	1	1	1	1	1	1	1	1	1	1	1	1	7	7	7	7	7	7	1	1	1	1	1	1	1	1	1	1	1	1	1	1	1	1	1	1	1	1	1	1	1	1	1	1	1	7	7	7	1	7	7	7	7	1	1	1	1	1	1	1	1	1	1	7	7	7	7	7	1	1	1	1	1	7	1	1	1	1	1	1	1	1	1	1	1	1	1	1	1	1	1	1	1	1	1	1	1	1	1	1	1	1
"d092"	2	7	7	1	1	7	1	1	1	1	1	1	7	7	1	7	7	7	1	1	1	1	1	7	7	7	1	7	7	1	7	7	7	7	7	1	1	1	7	1	1	1	1	1	1	7	1	1	1	1	1	1	1	1	1	1	1	1	1	1	1	1	1	1	1	1	1	1	1	1	1	1	1	1	1	1	1	1	1	1	1	1	1	1	1	1	7	7	7	7	7	1	1	1	1	1	1	1	1	7	7	7	7	7	1	1	1	1	1	1	1	1	1	1	1	1	1	1	1	7	1	1	1	1	1	1	1	1	1	1	1	1	1	1	1	1	1	1	1	1	1	1	1	1	1	1	1	1
"d093"	2	1	1	1	1	1	1	1	1	1	1	1	1	1	1	1	1	1	1	1	1	1	1	1	1	1	1	1	1	1	1	1	1	1	1	1	1	1	1	1	1	7	1	1	1	1	1	1	1	1	1	1	1	1	1	1	1	1	1	1	1	1	7	1	7	7	7	7	7	7	7	7	7	7	7	7	7	7	7	7	7	7	7	7	1	1	1	1	1	1	1	1	1	1	1	1	1	1	1	7	7	7	7	7	7	7	7	7	7	1	1	1	1	1	1	1	1	1	1	1	7	1	1	1	1	1	1	1	1	1	1	1	1	1	1	1	1	1	1	1	1	1	1	1	1	1	1	1
"d094"	3	7	7	1	7	1	1	1	1	7	1	7	7	7	1	7	7	7	7	1	1	1	1	1	1	7	1	7	1	7	1	1	1	1	1	1	7	1	1	7	1	7	1	1	7	7	1	1	1	7	7	7	7	7	7	7	0	1	1	1	1	1	7	0	7	7	7	7	7	7	7	7	7	7	7	7	7	7	7	7	7	7	7	7	0	7	1	1	1	7	7	1	1	1	5	7	7	7	7	1	1	1	1	1	1	1	1	1	1	1	1	1	1	1	1	1	1	1	1	0	7	7	7	7	7	7	7	7	7	7	7	7	7	7	7	7	7	1	1	1	1	1	7	7	7	7	7	1
"d095"	3	1	1	1	7	1	1	1	1	7	1	1	1	1	1	1	1	1	1	1	1	1	1	1	1	1	1	1	1	1	1	1	1	1	1	1	7	7	1	7	7	7	7	7	1	7	1	1	1	7	7	7	7	7	7	7	0	1	1	1	1	1	1	0	7	7	7	7	7	7	7	7	7	7	7	7	7	7	7	7	7	7	7	7	0	7	7	7	7	7	7	7	7	7	0	7	7	7	7	1	1	1	1	1	7	7	7	7	7	7	7	7	7	7	1	1	1	1	1	7	0	1	1	1	1	1	7	7	7	7	7	1	1	1	1	1	1	1	1	1	1	1	1	1	1	1	1	7
"d096"	5	7	7	1	7	1	7	1	1	1	1	7	7	7	1	7	7	7	7	1	1	1	1	1	7	1	1	7	1	7	7	7	7	7	1	1	7	1	1	7	1	1	1	1	7	1	1	1	1	1	1	1	1	1	1	1	1	1	1	1	1	1	1	1	7	7	7	7	7	7	7	7	7	7	7	7	7	7	7	7	7	7	7	7	1	1	1	1	1	1	1	1	1	1	1	1	1	1	1	1	1	1	1	1	1	1	1	1	1	1	1	1	1	1	1	1	1	1	1	1	1	1	1	1	1	1	1	1	1	1	1	1	1	1	1	1	1	1	1	1	1	1	1	1	1	1	1	1
"d097"	2	1	1	1	1	1	1	1	1	1	1	1	1	1	1	1	1	1	1	1	1	1	1	1	1	1	7	1	1	1	1	1	1	1	1	7	1	1	1	1	1	1	7	1	1	1	7	7	7	1	1	1	1	1	1	1	7	7	1	1	1	1	1	0	7	7	7	7	7	7	7	7	7	7	7	7	7	7	7	7	7	7	7	7	7	7	1	1	1	7	7	1	1	1	0	7	7	7	7	7	7	7	7	7	7	7	7	7	7	7	1	1	1	1	1	1	1	1	1	0	0	7	7	7	7	7	1	1	1	1	1	7	7	7	7	7	7	1	1	1	1	1	1	1	1	1	1	7
"d098"	3	1	1	1	1	7	1	1	1	1	1	1	1	1	1	1	1	1	1	1	1	1	1	7	7	1	1	1	7	1	7	7	7	7	7	1	1	1	7	1	1	1	1	1	1	1	1	1	1	1	1	1	1	1	1	1	1	1	1	1	1	1	1	1	1	1	1	1	1	1	1	1	1	1	1	1	1	1	1	1	1	1	1	1	1	1	1	1	1	1	1	1	1	1	1	1	1	1	1	1	1	1	1	1	1	1	1	1	1	1	1	1	1	1	1	1	1	1	1	1	1	1	1	1	1	1	1	1	1	1	1	1	1	1	1	1	1	1	1	1	1	1	1	1	1	1	1	1
"d099"	2	7	7	1	7	1	1	1	1	7	7	7	7	7	1	7	7	7	7	1	1	1	1	1	7	7	7	7	1	7	7	7	7	7	1	7	7	7	1	7	7	7	7	7	7	7	7	7	7	7	7	7	7	7	7	7	7	7	7	7	7	7	1	7	7	7	7	7	7	7	7	7	7	7	7	7	7	7	7	7	7	7	7	7	7	7	7	7	7	1	1	7	7	7	1	7	7	7	7	7	7	7	7	7	7	7	7	7	7	7	7	7	7	7	7	1	1	1	1	7	7	7	7	7	7	7	7	7	7	7	7	7	7	7	7	7	7	7	7	7	7	7	7	7	7	7	7	7
"d100"	3	7	7	7	7	1	7	7	7	7	7	7	7	7	7	7	7	7	7	7	7	7	7	1	1	7	1	7	1	7	1	1	1	1	1	1	7	1	1	7	1	1	1	1	7	7	7	7	7	7	7	7	7	7	7	7	7	7	7	7	7	7	7	7	7	7	7	7	7	7	7	7	7	7	7	7	7	7	7	7	7	7	7	7	7	7	7	7	7	7	7	7	7	7	7	7	7	7	7	1	1	1	1	1	1	1	1	1	1	1	1	1	1	1	1	1	1	1	1	1	1	7	7	7	7	7	7	7	7	7	7	1	1	1	1	1	1	1	1	1	1	1	1	1	1	1	1	1
"d101"	2	1	1	1	1	1	1	1	1	1	1	1	1	1	1	1	1	1	1	1	1	1	1	1	1	1	1	1	1	1	1	1	1	1	1	1	1	7	1	1	7	1	7	7	1	1	1	1	1	1	1	1	1	1	1	1	1	1	1	1	1	1	1	1	1	1	1	1	1	1	1	1	1	1	1	1	1	1	1	1	1	1	1	1	1	1	5	1	1	7	7	1	1	1	1	1	1	1	1	1	1	1	1	1	1	1	1	1	1	1	1	1	1	1	1	1	1	1	1	1	1	1	1	1	1	1	1	1	1	1	1	1	1	1	1	1	1	1	1	1	1	1	7	7	7	7	7	7
"d102"	2	1	1	1	1	1	1	1	1	1	1	1	1	1	1	1	1	1	1	1	1	1	1	1	1	1	1	1	1	1	1	1	1	1	1	1	1	1	1	1	1	1	1	1	1	1	7	7	7	1	1	1	1	1	1	1	1	1	1	1	1	1	1	7	1	1	1	1	1	1	1	1	1	1	7	1	1	1	1	1	1	1	1	1	1	1	1	1	1	7	7	1	1	7	0	1	1	1	1	1	1	1	1	1	1	1	1	1	1	1	1	1	1	1	1	1	1	1	1	5	1	7	7	7	7	7	1	1	1	1	1	1	1	1	1	1	1	1	1	1	1	1	1	1	1	1	1	1
"d103"	4	1	1	1	1	1	1	1	1	1	1	1	1	1	1	1	1	1	1	1	1	1	1	1	1	1	1	1	1	1	1	1	1	1	1	1	1	1	1	1	1	1	1	1	1	7	1	1	1	1	1	1	1	1	1	1	1	1	1	1	1	1	7	1	1	1	1	1	1	1	1	1	1	1	1	1	1	1	1	1	1	1	1	1	1	1	1	1	1	0	0	1	1	1	1	1	1	1	1	1	1	1	1	1	1	1	1	1	1	1	1	1	1	1	1	1	1	1	1	1	7	1	1	1	1	1	1	1	1	1	1	1	1	1	1	1	1	1	1	1	1	1	1	1	1	1	1	1
"d104"	9	1	1	1	1	1	1	1	1	1	1	1	1	1	1	1	1	1	1	1	1	1	1	1	1	1	1	1	1	1	1	1	1	1	1	1	1	1	1	1	1	1	1	1	1	1	1	1	1	1	1	1	1	1	1	1	1	1	1	1	1	1	1	1	1	1	1	1	1	1	1	1	1	1	1	1	1	1	1	1	1	1	1	1	1	1	1	1	1	1	1	1	1	1	1	1	1	1	7	1	1	1	1	1	1	1	1	1	1	1	1	1	1	1	1	1	1	1	1	1	1	1	1	1	1	1	1	1	1	1	1	1	1	1	1	1	1	1	1	1	1	1	1	1	1	1	1	1
"d105"	9	1	1	1	1	1	1	1	1	1	1	1	1	1	1	1	1	1	1	1	1	1	1	1	1	1	1	1	1	1	1	1	1	1	1	1	1	1	1	1	1	1	1	1	1	7	1	1	1	1	1	1	1	1	1	1	7	7	1	1	1	1	1	7	1	1	1	1	1	1	1	1	1	1	1	1	1	1	1	1	1	1	1	1	1	1	7	7	7	1	1	1	1	1	1	1	1	1	1	1	1	1	1	1	1	1	1	1	1	1	1	1	1	1	1	1	1	1	1	7	7	7	7	7	7	7	1	1	1	1	1	1	1	1	1	1	1	1	1	1	1	1	1	1	1	1	1	7
"d106"	2	1	1	1	1	1	1	1	1	1	1	1	1	1	1	1	1	1	1	1	1	1	1	1	1	7	7	1	1	1	1	1	1	1	1	7	1	1	1	1	7	7	7	1	1	1	7	7	7	1	1	1	1	1	1	1	1	1	1	1	1	1	1	1	7	7	7	7	7	7	7	7	7	7	7	7	7	7	7	7	7	7	7	7	1	1	7	7	7	1	1	1	1	1	1	1	1	1	1	1	1	1	1	1	7	7	7	7	7	1	1	1	1	1	1	1	1	1	1	7	1	7	7	7	7	7	1	1	1	1	1	7	7	7	7	7	7	1	1	1	1	1	1	1	1	1	1	1
"d107"	2	7	7	1	7	7	1	1	1	1	1	7	7	7	1	7	7	7	7	1	1	1	1	7	7	1	7	7	7	7	7	7	7	7	7	7	7	7	7	7	1	7	1	7	7	1	7	7	1	1	1	1	1	1	1	1	7	7	1	1	1	1	1	1	7	7	7	7	7	7	7	7	7	7	7	7	7	7	7	7	7	7	7	7	1	1	1	1	1	7	7	7	7	7	7	7	7	7	7	7	7	7	7	7	1	1	1	1	1	7	7	7	7	7	1	1	1	1	1	1	1	1	1	7	1	7	1	1	1	1	1	1	1	1	1	1	1	1	1	1	1	1	7	7	7	7	7	7
"d108"	2	1	1	7	1	1	7	7	7	7	7	1	1	1	7	1	1	1	1	7	7	7	7	1	1	1	1	1	1	1	1	1	1	1	1	1	1	1	1	1	7	7	7	1	1	7	7	7	7	7	7	7	7	7	7	7	7	7	7	7	7	7	1	7	1	1	1	1	1	1	1	1	1	1	1	1	1	1	1	1	1	1	1	1	1	1	1	1	1	7	7	7	7	7	0	1	1	1	1	1	1	1	1	1	7	7	7	7	7	1	1	1	1	1	1	1	1	1	1	1	1	1	1	1	1	1	1	1	1	1	1	1	1	1	1	1	1	7	7	7	7	7	1	1	1	1	1	1
"d109"	3	7	7	1	7	7	1	1	1	7	7	7	7	7	1	7	7	7	7	1	1	1	1	7	7	7	7	7	7	7	7	7	7	7	7	7	7	1	7	7	7	7	7	1	7	7	7	7	7	7	7	7	7	7	7	7	0	1	1	1	1	1	7	0	7	7	7	7	7	7	7	7	7	7	7	7	7	7	7	7	7	7	7	7	7	7	7	7	7	7	7	7	7	7	7	7	7	7	7	7	7	7	7	7	7	7	7	7	7	7	7	7	7	7	7	7	7	7	7	7	7	7	7	7	7	7	7	7	7	7	7	7	7	7	7	7	7	7	7	7	7	7	1	1	1	1	1	7
"d110"	4	1	1	7	1	7	7	7	7	1	7	1	1	1	7	1	1	1	1	7	7	7	7	7	1	1	1	1	7	1	1	1	1	1	7	1	1	1	7	1	1	1	1	1	1	7	1	1	1	1	1	1	1	1	1	1	1	1	1	1	1	1	1	7	7	7	7	7	7	7	7	7	7	7	7	7	7	7	7	7	7	7	7	7	1	1	1	1	1	7	7	7	7	7	1	1	1	1	1	7	7	7	7	7	1	1	1	1	1	1	1	1	1	1	1	1	1	1	1	7	1	1	1	1	1	1	1	1	1	1	1	1	1	1	1	1	1	7	7	7	7	7	1	1	1	1	1	1
"d111"	2	7	7	7	7	7	7	7	7	7	1	7	7	7	7	7	7	7	7	7	7	7	7	7	7	1	1	7	7	7	7	7	7	7	7	1	7	1	7	1	1	1	1	1	7	1	7		7	7	7	7	7	7	7	7	1	1	1	1	1	1	1	7	7	7	7	7	7	7	7	7	7	7	7	7	7	7	7	7	7	7	7	7	1	1	1	1	1	1	1	1	1	1	1	1	1	1	1	7	7	7	7	7	1	1	1	1	1	1	1	1	1	1	1	1	1	1	1	1	1	7	7	7	7	7	1	1	1	1	1	1	1	1	1	1	1	1	1	1	1	1	1	1	1	1	1	1
"d112"	2	1	1	1	1	1	1	1	1	1	7	1	1	1	1	1	1	1	7	1	1	1	1	1	1	1	1	1	1	1	1	1	1	1	1	1	1	1	1	1	1	1	1	1	1	1	7	7	7	1	1	1	1	1	1	1	1	1	1	1	1	1	1	1	1	1	1	1	1	1	1	1	1	1	1	1	1	1	1	1	1	1	1	1	1	1	1	1	1	1	1	1	1	1	1	1	1	1	1	7	7	7	7	7	1	1	1	1	1	1	1	1	1	1	1	1	1	1	1	1	1	1	1	1	1	1	7	7	7	7	7	1	1	1	1	1	1	1	1	1	1	1	1	1	1	1	1	1
"d113"	3	1	1	1	1	1	1	1	1	1	1	1	1	1	1	1	1	1	1	1	1	1	1	1	7	1	1	1	1	1	7	7	7	7	1	1	1	7	1	1	7	7	7	7	1	7	1	1	1	1	1	1	1	1	1	1	1	1	1	1	1	1	1	7	7	7	7	7	7	7	7	7	7	7	7	7	7	7	7	7	7	7	7	7	1	1	7	1	1	7	7	1	1	1	1	1	1	1	1	7	7	7	7	7	7	7	7	7	7	7	7	7	7	7	7	7	7	7	7	7	7	7	7	7	7	7	1	1	1	1	1	7	7	7	7	7	7	7	7	7	7	7	7	7	7	7	7	7
"d114"	2	1	1	1	1	1	1	1	1	1	1	1	1	1	1	1	1	1	1	1	1	1	1	1	1	1	7	1	1	1	1	1	1	1	1	7	1	1	1	1	1	1	1	1	1	1	7	7	1	1	1	1	1	1	1	1	1	1	1	1	1	1	1	1	1	1	1	1	1	1	1	1	1	1	1	1	1	1	1	1	1	1	1	1	1	1	1	1	1	1	1	7	7	7	1	1	1	1	1	7	7	7	7	7	1	1	1	1	1	1	1	1	1	1	7	7	7	7	7	1	1	1	1	1	1	1	1	1	1	1	1	1	1	1	1	1	1	1	1	1	1	1	1	7	1	1	1	1
"d115"	11	7	7	7	7	7	7	7	7	7	7	7	7	7	7	7	7	7	7	7	7	7	7	7	7	7	7	7	7	7	7	7	7	7	7	7	7	7	7	7	7	7	7	7	7	7	7	7	7	7	7	7	7	7	7	7	7	7	7	7	7	7	7	7	7	7	7	7	7	7	7	7	7	7	7	7	7	7	7	7	7	7	7	7	7	7	7	7	7	7	7	7	7	7	7	7	7	7	7	7	7	7	7	7	7	7	7	7	7	7	7	7	7	7	7	7	7	7	7	7	7	7	7	7	7	7	7	7	7	7	7	7	7	7	7	7	7	7	7	7	7	7	7	7	7	7	7	7
"d116"	3	7	7	7	7	7	7	7	7	7	1	7	7	7	7	7	7	7	7	7	7	7	7	7	1	1	7	7	1	7	1	1	1	1	1	7	7	1	1	7	7	1	7	1	7	1	7	7	1	7	7	7	7	7	7	7	7	7	1	1	1	1	1	0	7	7	7	7	7	7	7	7	7	7	7	7	7	7	7	7	7	7	7	7	0	7	1	1	1	7	7	7	7	7	0	7	7	7	7	7	7	7	7	7	7	7	7	7	7	7	7	7	7	7	1	1	1	1	1	7	7	7	7	7	7	7	1	1	1	1	1	1	1	1	1	1	1	7	7	7	7	7	1	7	1	1	1	7
"d117"	3	1	1	1	1	1	1	1	1	7	7	1	1	1	1	1	1	1	1	1	1	1	1	1	7	1	1	1	1	1	7	7	7	7	1	1	1	1	1	1	1	1	1	1	1	1	1	1	1	7	7	7	7	7	7	7	7	7	1	1	1	1	1	0	7	7	7	7	7	7	7	7	7	7	7	7	7	7	7	7	7	7	7	7	0	7	1	1	1	0	0	1	1	1	1	7	7	7	7	1	1	1	1	1	1	1	1	1	1	7	7	7	7	7	1	1	1	1	1	7	7	7	7	7	7	7	1	1	1	1	1	1	1	1	1	1	1	1	1	1	1	1	1	1	1	1	1	7
"d118"	2	1	1	7	1	1	7	7	7	1	1	1	1	1	7	1	1	1	1	7	7	7	7	1	7	1	1	1	1	1	7	7	7	7	1	1	1	1	1	1	1	1	1	1	1	1	1	1	1	1	1	1	1	1	1	1	1	1	1	1	1	1	1	1	1	1	1	1	1	1	1	1	1	1	1	1	1	1	1	1	1	1	1	1	1	1	1	1	1	7	7	1	1	1	1	1	1	1	1	1	1	1	1	1	1	1	1	1	1	1	1	1	1	1	7	7	7	7	7	1	1	1	1	1	1	1	1	1	1	1	1	1	1	1	1	1	1	1	1	1	1	1	1	1	1	1	1	1
"d119"	4	1	1	7	1	1	1	1	1	1	1	1	1	1	1	1	1	1	1	1	1	1	1	1	1	1	1	1	1	1	1	1	1	1	1	1	1	1	1	1	1	1	1	1	1	7	7	7	1	1	1	1	1	1	1	1	1	1	1	1	1	1	1	7	1	1	1	1	1	1	1	1	1	1	1	1	1	1	1	1	1	1	1	1	0	7	5	1	1	0	0	7	7	7	0	1	1	1	1	7	7	7	7	7	1	1	1	1	1	0	1	1	1	1	1	1	1	1	1	0	0	1	1	1	1	1	1	1	1	1	1	1	1	0	1	1	1	1	1	1	1	1	1	1	1	1	1	0
"d120"	3	1	1	1	1	1	1	1	1	1	1	1	1	1	1	1	1	1	1	1	1	1	1	1	1	1	1	1	1	1	1	1	1	1	1	1	1	1	1	1	1	1	1	1	1	1	1	1	1	1	1	1	1	1	1	1	0	1	1	1	1	1	1	0	1	1	1	1	1	1	1	1	1	1	1	1	1	1	1	1	1	1	1	1	0	7	1	1	1	0	0	7	7	7	5	7	7	7	7	1	1	1	1	1	1	1	1	1	1	7	1	1	1	1	1	1	1	1	1	7	0	1	1	1	1	1	1	1	1	1	1	1	1	1	1	1	1	1	1	1	1	1	1	1	1	1	1	1
"d121"	11	1	1	1	1	1	1	1	1	1	1	1	1	1	1	1	1	1	1	1	1	1	1	1	1	1	1	1	1	1	1	1	1	1	1	1	1	1	1	1	1	1	1	1	1	1	1	1	1	1	1	1	1	1	1	1	1	1	1	1	1	1	1	7	1	1	1	1	1	1	1	1	1	1	1	1	1	1	1	1	1	1	1	1	1	1	5	1	1	1	1	7	7	7	1	1	1	1	1	1	1	1	1	1	1	1	1	1	1	1	1	1	1	1	1	1	1	1	1	1	1	1	1	1	1	1	1	1	1	1	1	1	1	1	1	1	1	7	7	7	7	7	1	1	1	1	1	1
"d122"	2	1	1	1	1	1	1	1	1	1	7	1	1	1	1	1	1	1	1	1	1	1	1	1	7	1	1	1	1	1	7	7	7	7	1	1	1	1	1	1	1	1	1	1	1	1	1	1	1	1	1	1	1	1	1	1	1	1	1	1	1	1	1	1	7	7	7	7	7	7	7	7	7	7	7	7	7	7	7	7	7	7	7	7	1	1	1	1	1	1	1	1	1	1	1	1	1	1	1	1	1	1	1	1	1	1	1	1	1	1	1	1	1	1	1	1	1	1	1	1	7	1	1	1	1	1	1	1	1	1	1	1	1	1	1	1	1	1	1	1	1	1	1	1	1	1	1	1
"d123"	4	1	1	7	1	7	7	7	7	1	1	1	1	1	7	1	1	1	1	7	7	7	7	7	7	1	7	1	7	1	7	7	7	7	7	7	1	7	7	1	1	7	1	7	1	1	7	7	7	1	1	1	1	1	1	1	1	1	1	1	1	1	7	7	7	7	7	7	7	7	7	7	7	7	7	7	7	7	7	7	7	7	7	7	1	1	7	7	7	7	7	7	7	7	7	1	1	1	1	7	7	7	7	7	7	7	7	7	7	1	1	1	1	1	7	7	7	7	7	7	7	7	7	7	7	7	1	1	1	1	1	1	1	1	1	1	1	1	1	1	1	1	7	7	7	7	7	7
"d124"	2	7	7	1	7	7	1	1	1	7	1	7	7	7	1	7	7	7	7	1	1	1	1	7	1	1	1	7	7	7	1	1	1	1	7	1	7	1	7	7	1	1	1	1	7	1	1	1	1	7	7	7	7	7	7	7	1	1	7	7	7	7	7	7	1	1	1	1	1	1	1	1	1	1	1	1	1	1	1	1	1	1	1	1	1	1	1	1	1	1	1	1	1	1	1	1	1	1	1	1	1	1	1	1	1	1	1	1	1	1	1	1	1	1	1	1	1	1	1	7	7	7	7	7	7	7	7	7	7	7	7	7	7	7	7	7	7	1	1	1	1	1	1	1	1	1	1	1
"d125"	2	1	1	7	1	1	7	7	7	1	1	1	1	1	7	1	1	1	1	7	7	7	7	1	1	1	1	1	1	1	1	1	1	1	1	1	1	1	1	1	1	7	1	1	1	7	1	1	1	1	1	1	1	1	1	1	1	1	1	1	1	1	7	1	1	1	1	1	1	1	1	1	1	1	1	1	1	1	1	1	1	1	1	1	1	1	1	1	1	7	7	7	7	7	1	1	1	1	1	1	1	1	1	1	1	1	1	1	1	1	1	1	1	1	1	1	1	1	1	1	1	1	1	1	1	1	1	1	1	1	1	1	1	1	1	1	1	1	1	1	1	1	1	1	1	1	1	1
"d126"	2	7	7	7	7	7	7	7	7	1	1	7	7	7	7	7	7	7	7	7	7	7	7	7	7	1	1	7	7	7	7	7	7	7	7	1	7	1	7	7	1	7	1	1	7	7	7	7	1	1	1	1	1	1	1	1	7	7	1	1	1	1	1	1	1	1	1	1	1	1	1	1	1	1	1	1	1	1	1	1	1	1	1	1	1	1	1	1	1	1	1	7	7	7	1	1	1	1	1	7	7	7	7	7	1	1	1	1	1	1	1	1	1	7	1	1	1	1	1	1	1	7	7	7	7	7	1	1	1	1	1	1	1	1	1	1	1	7	7	7	7	7	1	1	1	1	1	7
"d127"	3	1	1	7	1	1	7	7	7	1	7	1	1	1	7	1	1	1	1	7	7	7	7	1	1	7	1	1	1	1	1	1	1	1	1	1	1	1	1	1	7	7	7	1	1	7	7	7	7	1	1	1	1	1	1	1	7	7	1	1	1	1	1	7	7	7	7	7	7	7	7	7	7	7	7	7	7	7	7	7	1	7	7	7	7	7	7	7	7	1	1	1	1	1	1	7	7	7	7	1	1	1	1	1	7	7	7	7	7	1	1	1	1	1	1	1	1	1	1	7	1	1	1	1	1	1	1	1	1	1	1	1	1	1	1	1	1	1	1	1	1	1	1	1	1	1	1	1
"d128"	4	1	1	1	1	1	1	1	1	7	1	1	1	1	1	1	1	1	1	1	1	1	1	1	7	1	1	1	1	1	7	7	7	7	1	1	1	1	1	1	1	1	1	1	1	1	1	1	1	7	7	7	7	7	7	7	1	1	1	1	1	1	1	7	1	1	1	1	1	1	1	1	1	1	1	1	1	1	1	1	1	1	1	1	0	7	5	1	1	1	1	1	1	1	1	1	1	1	1	1	1	1	1	1	1	1	1	1	1	7	7	7	7	7	1	1	1	1	1	7	1	7	7	7	7	7	1	1	1	1	1	1	1	1	1	1	1	1	1	1	1	1	1	1	1	1	1	1
"d129"	2	7	7	7	7	1	7	7	7	7	1	7	7	7	7	7	7	7	7	7	7	7	7	1	1	1	7	7	1	7	1	1	1	1	1	7	7	7	1	7	7	1	7	7	7	7	1	1	1	7	7	7	7	7	7	7	7	7	1	1	1	1	1	7	7	7	7	7	7	7	7	7	7	7	7	7	7	7	7	7	7	7	7	7	1	1	1	1	1	7	7	7	7	7	1	7	7	7	7	7	7	7	7	7	7	7	7	7	7	7	7	7	7	7	1	1	1	1	1	7	7	1	1	1	1	1	1	1	1	1	1	1	1	1	1	1	1	7	7	7	7	7	7	1	7	7	7	7
"d130"	2	7	7	1	7	1	1	1	1	7	7	7	7	7	1	7	7	7	7	1	1	1	1	1	7	7	7	7	1	7	7	7	7	7	1	7	7	1	1	7	7	7	7	1	7	1	1	1	1	1	1	1	1	1	1	1	7	7	1	1	1	1	7	7	7	7	7	7	7	7	7	7	7	7	7	7	7	7	7	7	7	7	7	7	1	1	7	7	7	7	7	7	7	7	1	7	7	7	7	7	7	7	7	7	7	7	7	7	7	1	1	1	1	1	7	7	7	7	7	7	7	1	1	1	1	1	1	1	1	1	1	7	7	7	7	7	7	1	1	1	1	1	1	1	1	1	1	1
"d131"	3	7	7	1	7	1	1	1	1	1	1	7	7	7	1	7	7	7	7	1	1	1	1	1	1	1	1	7	1	7	1	1	1	1	1	1	7	1	1	7	1	7	1	1	7	7	1	1	1	1	1	1	1	1	1	1	7	7	1	1	1	1	1	0	1	1	1	1	1	1	1	1	1	1	1	1	1	1	1	1	1	1	1	1	0	7	7	7	7	0	0	7	7	7	0	7	7	7	7	1	1	1	1	1	1	1	1	1	1	7	1	1	1	1	1	1	1	1	1	0	0	1	1	1	1	1	1	1	1	1	1	1	1	1	1	1	1	1	1	1	1	1	1	1	1	1	1	1
"d132"	2	1	1	1	1	1	7	1	7	7	1	1	1	1	7	1	1	1	1	1	1	1	1	1	7	1	1	1	1	1	7	7	7	7	1	1	1	1	1	1	1	7	1	1	1	1	1	1	1	7	7	7	7	7	7	7	1	1	1	1	1	1	1	1	1	1	1	1	1	1	1	1	1	1	1	1	1	1	1	1	1	1	1	1	1	1	1	1	1	1	7	7	7	7	1	7	7	7	7	1	1	1	1	1	1	1	1	1	1	1	1	1	1	1	1	1	1	1	1	1	1	7	7	7	7	7	1	1	1	1	1	1	1	1	1	1	1	7	7	7	7	7	1	1	1	1	1	1
"d133"	4																																																																																																																		1	1	1	1	1	1	1	7	7	7	7	7	1	1	1	1	1	1	1	1	1	1	1	1	1	1	1	1	1	1	1	1	1	1
"d134"	2	7	7	7	7	7	7	7	7	1	1	7	7	7	7	7	7	7	7	7	7	7	7	7	7	7	7	7	7	7	7	7	7	7	7	7	7	1	7	7	1	7	1	1	7	1	7	7	7	1	1	1	1	1	1	1	1	1	7	7	7	7	7	7	7	7	7	7	7	7	7	7	7	7	7	7	7	7	7	7	7	7	7	7	7	7	7	7	7	7	7	7	7	7	7	1	1	1	1	7	7	7	7	7	7	7	7	7	7	7	7	7	7	7	7	7	7	7	7	7	7	7	7	7	7	7	7	7	7	7	7	1	1	1	1	1	1	1	1	1	1	1	1	1	1	1	1	7
"d135"	5	1	1	7	1	1	7	7	7	1	1	1	1	1	7	1	1	1	1	7	7	7	7	1	7	7	7	1	1	1	7	7	7	7	1	7	1	1	1	1	1	1	1	1	1	7	1	1	1	1	1	1	1	1	1	1	1	1	7	7	7	7	7	7	7	7	7	7	7	7	7	7	7	7	7	7	7	7	7	7	7	7	7	7	1	1	1	1	1	7	7	1	1	1	7	7	7	7	7	1	1	1	1	1	1	1	1	1	1	7	7	7	7	7	7	7	7	7	7	7	7	1	1	1	1	1	7	7	7	7	7	7	7	7	7	7	7	1	1	1	1	1	1	1	1	1	1	1
"d136"	11	7	7	1	7	1	1	1	1	7	1	1	7	7	1	7	7	7	1	1	1	1	1	1	1	1	1	7	1	1	1	1	1	1	1	1	1	1	1	7	1	1	1	1	1	1	1	1	1	7	7	7	7	7	7	7	1	1	1	1	1	1	1	1	1	1	1	1	1	1	1	1	1	1	1	1	1	1	1	1	1	1	1	1	1	1	5	1	1	1	1	1	1	1	1	1	1	1	1	1	1	1	1	1	1	1	1	1	1	1	1	1	1	1	1	1	1	1	1	1	1	1	1	1	1	1	1	1	1	1	1	1	1	1	1	1	1	1	1	1	1	1	1	1	1	1	1	1
"d137"	2	7	7	7	7	1	7	7	7	7	1	7	7	7	7	7	7	7	7	7	7	7	7	1	7	1	7	7	1	7	7	7	7	7	1	7	7	7	1	7	1	7	1	7	7	1	7	7	7	7	7	7	7	7	7	7	1	1	1	1	1	1	7	7	1	1	1	1	1	1	1	1	1	1	1	1	1	1	1	1	1	1	1	1	1	1	7	7	7	7	7	7	7	7	1	7	7	7	7	7	7	7	7	7	1	1	1	1	1	1	1	1	1	1	1	1	1	1	1	1	1	7	7	7	7	7	1	1	1	1	1	7	7	7	7	7	7	1	1	1	1	1	7	7	7	7	7	7
"d138"	2	1	1	7	1	1	7	7	7	1	1	1	1	1	7	1	1	1	1	7	7	7	7	1	7	1	1	1	1	1	7	7	7	7	1	1	1	7	1	1	1	1	1	7	1	7	1	1	1	1	1	1	1	1	1	1	7	7	1	1	1	1	1	7	7	7	7	7	7	7	7	7	7	7	7	7	7	7	7	7	7	7	7	7	7	7	1	1	1	7	7	7	7	7	1	7	7	7	7	1	1	1	1	1	7	7	7	7	7	7	7	7	7	7	7	7	7	7	7	1	1	1	1	1	1	1	7	7	7	7	7	1	1	1	1	1	1	7	7	7	7	7	7	7	7	7	7	1
"d139"	10	1	1	1	1	1	1	1	1	7	1	1	1	1	1	1	1	1	1	1	1	1	1	1	1	1	1	1	1	1	1	1	1	1	1	1	1	1	1	1	1	1	1	1	1	7	1	1	1	7	7	7	7	7	7	7	7	7	1	1	1	1	1	1	1	1	1	1	1	1	1	1	1	1	1	1	1	1	1	1	1	1	1	1	1	1	1	1	1	1	1	7	7	7	1	7	7	7	7	1	1	1	1	1	1	1	1	1	1	1	1	1	1	1	1	1	1	1	1	1	1	1	1	1	1	1	1	1	1	1	1	7	7	7	7	7	7	7	7	7	7	7	1	1	1	1	1	7
"d140"	2	1	1	1	1	7	1	1	1	7	1	1	1	1	1	1	1	1	1	1	1	1	1	7	1	1	1	1	7	1	1	1	1	1	7	1	1	7	7	1	1	1	1	7	1	7	1	1	1	7	7	7	7	7	7	7	1	1	1	1	1	1	1	1	7	7	7	7	7	7	7	7	7	7	7	7	7	7	7	7	7	7	7	7	1	1	7	1	1	7	7	1	1	1	1	7	7	7	7	1	1	1	1	1	1	1	1	1	1	1	1	1	1	1	1	1	1	1	1	1	1	1	1	1	1	1	7	7	7	7	7	1	1	1	1	1	1	1	1	1	1	1	7	7	7	7	7	7
"d141"	6	1	1	1	1	1	1	1	1	7	1	1	1	1	1	1	1	1	1	1	1	1	1	1	1	1	1	1	1	1	1	1	1	1	1	1	1	1	1	1	1	7	1	1	1	1	7	7	7	7	7	7	7	7	7	7	7	7	1	1	1	1	1	0	1	1	1	1	1	1	1	1	1	1	1	1	1	1	1	1	1	1	1	1	0	7	1	1	1	7	7	1	1	1	5	7	7	7	7	1	1	1	1	1	1	1	1	1	1	1	1	1	1	1	1	1	1	1	1	0	0	7	7	7	7	7	7	7	7	7	7	7	7	7	7	7	7	7	7	7	7	7	1	1	1	1	1	7
"d142"	2	1	1	1	1	1	1	1	7	7	1	1	1	1	7	1	1	1	1	7	1	1	1	1	7	7	1	1	1	1	7	7	7	7	1	1	1	7	1	1	1	7	1	7	1	7	1	1	1	7	7	7	7	7	7	7	7	7	7	7	7	7	1	1	7	7	7	7	7	7	7	7	7	7	7	7	7	7	7	7	7	7	7	7	1	1	1	1	1	1	1	1	1	1	1	1	1	1	1	1	1	1	1	1	7	7	7	7	7	1	1	1	1	1	1	1	1	1	1	1	7	7	7	7	7	7	7	7	7	7	7	1	1	1	1	1	1	1	1	1	1	1	7	7	7	7	7	1
"d143"	3	7	7	1	7	1	1	1	1	1	7	7	7	7	1	7	7	7	7	1	1	1	1	1	7	7	7	7	1	7	7	7	7	7	1	7	7	1	1	7	1	1	1	1	7	1	1	1	1	1	1	1	1	1	1	1	7	7	1	1	1	1	1	0	7	7	7	7	7	7	7	7	7	7	7	7	7	7	7	7	7	7	7	7	7	7	7	7	7	7	7	7	7	7	1	7	7	7	7	7	7	7	7	7	1	1	1	1	1	1	1	1	1	1	1	1	1	1	1	1	7	7	7	7	7	7	1	1	1	1	1	1	1	1	1	1	1	7	7	7	7	7	1	1	1	1	1	1
"d144"	0	7	7	7	7	7	7	7	7	7	7	7	7	7	7	7	7	7	7	7	7	7	7	7	7	7	7	7	7	7	7	7	7	7	7	7	7	7	7	7	7	7	7	7	7	7	7	7	7	7	7	7	7	7	7	7	7	7	7	7	7	7	7	7	7	7	7	7	7	7	7	7	7	7	7	7	7	7	7	7	7	7	7	7	7	7	7	7	7	7	7	7	7	7	7	7	7	7	7	7	7	7	7	7	7	7	7	7	7	7	7	7	7	7	7	7	7	7	7	7	7	7	7	7	7	7	7	7	7	7	7	7	7	7	7	7	7	7	7	7	7	7	7	7	7	7	7	7
"d145"	2	1	1	1	1	1	1	1	1	1	7	1	1	1	1	1	1	1	1	1	1	1	1	1	7	7	1	1	1	1	7	7	7	7	1	1	1	7	1	1	1	7	1	7	1	1	1	1	1	1	1	1	1	1	1	1	1	1	1	1	1	1	7	1	7	7	7	7	7	7	7	7	7	7	7	7	7	7	7	7	7	7	7	7	1	1	1	1	1	1	1	7	7	7	7	1	1	1	1	7	7	7	7	7	7	7	7	7	7	1	1	1	1	1	1	1	1	1	1	1	7	7	7	7	7	7	7	7	7	7	7	7	7	7	7	7	7	1	1	1	1	1	7	7	7	7	7	1
"d146"	4	7	7	1	7	7	1	1	1	7	1	7	7	7	1	7	7	7	7	1	1	1	1	7	7	1	7	7	7	7	7	7	7	7	7	7	7	1	7	7	1	7	1	1	7	1	1	1	1	7	7	7	7	7	7	7	7	7	1	1	1	1	1	1	1	1	1	1	1	1	1	1	1	1	1	1	1	1	1	1	1	1	1	1	1	1	5	1	1	1	1	7	7	7	1	1	1	1	1	7	7	7	7	7	7	7	7	7	7	7	7	7	7	7	1	1	1	1	1	1	1	1	1	1	1	1	1	1	1	1	1	7	7	7	7	7	7	1	1	1	1	1	1	1	1	1	1	1
"d147"	11	1	1	1	1	7	1	1	1	1	1	1	1	1	1	1	1	1	1	1	1	1	1	7	7	1	7	1	7	1	7	7	7	7	7	7	1	1	7	1	1	1	1	1	1	1	7	7	7	1	1	1	1	1	1	1	1	1	1	1	1	1	1	1	1	1	1	1	1	1	1	1	1	1	1	7	1	1	1	1	1	1	1	1	7	7	1	1	1	0	0	1	1	1	1	1	1	1	1	1	1	1	7	1	1	1	1	1	1	1	1	1	1	1	1	1	1	1	1	1	1	1	1	1	1	1	7	7	7	7	7	1	1	1	1	1	1	1	1	1	1	1	1	1	1	1	1	0
"d148"	2	1	1	1	1	1	1	1	1	7	1	1	1	1	1	1	1	1	1	1	1	1	1	1	1	1	1	1	1	1	1	1	1	1	1	1	1	1	1	1	1	1	1	1	1	1	1	1	1	7	7	7	7	7	7	7	1	1	1	1	1	1	1	1	1	1	1	1	1	1	1	1	1	1	1	1	1	1	1	1	1	1	1	1	1	1	1	1	1	1	1	1	1	1	1	1	1	1	1	1	1	1	1	1	1	1	7	1	1	1	1	1	1	1	1	1	1	1	1	1	1	1	1	1	1	1	1	1	1	1	1	1	1	1	1	1	1	1	1	1	1	1	1	1	1	1	1	1
"d149"	4	1	1	1	1	1	1	1	1	1	1	1	1	1	1	1	1	1	1	1	1	1	1	1	1	7	1	1	1	1	1	1	1	1	1	1	1	1	1	1	1	1	1	1	1	7	1	1	1	1	1	1	1	1	1	1	1	1	7	7	7	7	1	1	7	7	7	7	7	7	7	7	7	7	7	7	7	7	7	7	7	7	7	7	1	1	1	1	1	1	1	1	1	1	7	7	7	7	7	1	1	1	1	1	1	1	1	1	1	1	1	1	1	1	1	1	1	1	1	1	1	1	1	1	1	1	1	1	1	1	1	1	1	1	1	1	1	1	1	1	1	1	1	1	1	1	1	1
"d150"	2	7	7	1	7	7	1	1	1	7	1	7	7	7	1	7	7	7	7	1	1	1	1	7	1	7	7	7	7	7	1	1	1	1	7	7	7	7	7	7	7	7	7	7	7	7	7	7	1	7	7	7	7	7	7	7	1	1	7	7	7	7	7	1	7	7	7	7	7	7	7	7	7	7	7	7	7	7	7	7	7	7	7	7	7	7	7	7	7	7	1	1	1	1	1	7	7	7	7	7	7	7	7	7	1	1	1	1	1	7	1	1	1	1	1	1	1	1	1	7	7	1	1	1	1	1	1	1	1	1	1	7	7	7	7	7	7	7	7	7	7	7	7	7	7	7	7	7
"d151"	2	7	7	7	7	7	7	7	7	7	1	7	7	7	7	7	7	7	7	7	7	7	7	7	7	7	7	7	7	7	7	7	7	7	7	7	7	7	7	7	7	7	7	7	7	7	7	7	7	7	7	7	7	7	7	7	7	7	7	7	7	7	7	7	7	7	7	7	7	7	7	7	7	7	7	7	7	7	7	7	7	7	7	7	7	7	7	7	7	7	7	7	7	7	7	7	7	7	7	7	7	7	7	7	7	7	7	7	7	7	7	7	7	7	7	7	7	7	7	7	7	7	7	7	7	7	7	7	7	7	7	7	7	7	7	7	7	7	7	7	7	7	7	7	7	7	7	7
"d152"	2	1	1	7	1	7	7	7	7	1	1	1	1	1	7	1	1	1	1	7	7	7	7	7	7	1	7	1	7	1	7	7	7	7	7	7	1	1	7	1	1	1	1	1	1	1	1	1	1	1	1	1	1	1	1	1	1	1	1	1	1	1	1	1	1	1	1	1	1	1	1	1	1	1	1	1	1	1	1	1	1	1	1	1	1	1	1	1	1	1	7	7	7	7	1	1	1	1	1	7	7	7	7	7	1	1	1	1	1	1	1	1	1	1	7	7	7	7	7	7	1	1	1	1	1	1	7	7	7	7	7	1	1	1	1	1	1	1	1	1	1	1	1	1	1	1	1	1
"d153"	4	7	7	7	7	7	7	7	7	7	1	7	7	7	7	7	7	7	7	7	7	7	7	7	7	7	1	7	7	7	7	7	7	7	7	1	7	1	7	7	7	1	7	1	7	1	1	1	1	7	7	7	7	7	7	7	1	1	7	7	7	7	7	1	7	7	7	7	7	7	7	7	7	7	7	7	7	7	7	7	7	7	7	7	7	7	7	7	7	7	7	7	7	7	0	7	7	7	7	7	7	7	7	7	1	1	1	1	1	7	7	7	7	1	1	1	1	1	1	7	7	1	1	1	1	1	1	1	1	1	1	1	1	1	1	1	1	1	1	1	1	1	1	1	1	1	1	1
"d154"	3	1	1	1	1	1	7	1	7	7	1	1	1	1	1	1	1	1	1	1	1	1	1	1	7	1	7	1	1	1	7	7	7	7	1	7	1	1	1	1	1	7	1	1	1	1	7	7	7	7	7	7	7	7	7	7	7	7	7	7	7	7	7	0	7	7	7	7	7	7	7	7	7	7	7	7	7	7	7	7	7	7	7	7	7	7	7	7	7	0	0	7	7	7	0	7	7	7	7	1	1	1	1	1	7	7	7	7	7	7	7	7	7	7	7	7	7	7	7	7	7	7	7	7	7	7	1	1	1	1	1	7	7	7	7	7	7	1	1	1	1	1	1	1	1	1	1	7
"d155"	11	1	1	1	1	1	1	1	1	1	1	1	1	1	1	1	1	1	1	1	1	1	1	1	1	1	1	1	1	1	1	1	1	1	1	1	1	1	1	1	1	1	1	1	1	1	1	1	1	1	1	1	1	1	1	1	7	7	1	1	1	1	1	1	1	1	1	1	1	1	1	1	1	1	1	1	1	1	1	1	1	1	1	1	1	1	1	1	1	1	1	7	7	7	7	7	7	7	7	1	7	1	1	1	1	1	1	1	1	1	1	1	1	1	1	1	1	1	1	7	1	1	1	1	1	1	1	1	1	1	1	7	7	7	7	7	7	7	7	7	7	7	1	1	1	1	1	1
"d156"	2	1	1	7	1	1	7	7	7	1	7	1	1	1	7	1	1	1	1	7	7	7	7	1	1	1	1	1	1	1	1	1	1	1	1	1	1	1	1	1	1	1	1	1	1	7	1	1	1	1	1	1	1	1	1	1	1	1	7	7	7	7	1	1	7	7	7	7	7	7	7	7	7	7	7	7	7	7	7	7	7	7	7	7	1	1	1	1	1	7	7	7	7	7	1	1	1	1	1	1	1	1	1	1	1	1	1	1	1	7	1	1	1	1	1	1	1	1	1	1	1	1	1	1	1	1	1	1	1	1	1	7	7	7	7	7	7	1	1	1	1	1	1	1	1	1	1	1
"d157"	4	1	1	7	1	1	7	7	7	7	1	1	1	1	7	1	1	1	1	7	7	7	7	1	7	7	1	1	1	1	7	7	7	7	1	1	1	7	1	1	1	1	1	7	1	7	1	1	1	7	7	7	7	7	7	7	7	7	1	1	1	1	7	1	1	1	1	1	1	1	1	1	1	1	1	1	1	1	1	1	1	1	1	1	7	7	1	1	1	0	0	1	1	1	0	1	1	1	1	7	7	7	7	7	7	7	7	7	7	0	1	1	1	1	7	7	7	7	7	0	0	1	1	5	1	1	7	7	7	7	7	1	1	0	1	1	1	7	7	7	7	7	7	7	7	7	7	7
"d158"	4	1	1	1	1	1	1	1	1	7	1	1	1	1	1	1	1	1	1	1	1	1	1	1	1	1	1	1	1	1	1	1	1	1	1	1	1	1	1	1	1	7	1	1	1	1	1	1	1	7	7	7	7	7	7	7	1	1	1	1	1	1	1	0	1	1	1	1	1	1	1	1	1	1	1	1	1	1	1	1	1	1	1	1	0	7	5	1	1	0	0	1	1	1	0	1	1	1	1	1	1	1	1	1	7	7	7	7	7	5	1	1	1	1	1	1	1	1	1	0	7	1	1	1	1	1	1	1	1	1	1	1	1	1	1	1	1	1	1	1	1	1	1	1	1	1	1	1
"d159"	4	1	1	7	1	1	7	7	7	1	1	1	1	1	7	1	1	1	1	7	7	7	7	1	1	1	1	1	1	1	1	1	1	1	1	1	1	7	1	1	7	7	7	7	1	7	1	1	1	1	1	1	1	1	1	1	1	1	1	1	1	1	1	1	1	1	1	1	1	1	1	1	1	1	1	1	1	1	1	1	1	1	1	1	1	1	1	1	1	1	1	1	1	1	1	7	7	7	7	1	1	1	1	1	1	1	1	1	1	1	1	1	1	1	1	1	1	1	1	7	7	7	7	7	7	7	7	7	7	7	7	7	7	7	7	7	7	7	7	7	7	7	7	7	7	7	7	7
"d160"	2	7	7	1	7	1	1	1	1	7	1	7	7	7	1	7	7	7	7	1	1	1	1	1	7	1	7	7	1	7	7	7	7	7	1	7	7	1	1	7	1	1	1	1	7	1	7	7	7	7	7	7	7	7	7	7	1	1	1	1	1	1	1	1	1	1	1	1	1	1	1	1	1	1	1	1	1	1	1	1	1	1	1	1	1	1	1	1	1	1	1	7	7	7	1	1	1	1	1	1	1	1	1	1	7	7	7	7	7	7	7	7	7	7	7	7	7	7	7	1	1	1	1	1	1	1	1	1	1	1	1	1	1	1	1	1	1	1	1	1	1	1	1	1	1	1	1	1
"d161"	2	1	1	7	1	1	7	7	7	1	1	1	1	1	7	1	1	1	1	7	7	7	7	1	1	1	1	1	1	1	1	1	1	1	1	1	1	1	1	1	1	1	1	1	1	1	1	1	1	1	1	1	1	1	1	1	1	1	7	7	7	7	1	1	1	1	1	1	1	1	1	1	1	1	1	1	1	1	1	1	1	1	1	1	7	7	1	1	1	1	1	1	1	1	1	1	1	1	1	1	1	1	1	1	1	1	1	1	1	1	1	1	1	1	1	1	1	1	1	1	1	1	1	1	1	1	1	1	1	1	1	1	1	1	1	1	1	1	1	1	1	1	1	1	1	1	1	1
"d162"	2	1	1	7	1	1	1	1	1	1	1	1	1	1	1	1	1	1	1	1	1	1	1	1	7	7	7	1	1	1	7	7	7	7	1	7	1	1	1	1	1	1	1	1	1	7	1	1	1	1	1	1	1	1	1	1	1	1	7	7	7	7	1	1	1	1	1	1	1	1	1	1	1	1	1	1	1	1	1	1	1	1	1	1	1	1	7	7	7	7	7	7	7	7	1	7	7	7	7	1	1	1	1	1	1	1	1	1	1	1	1	1	1	1	1	1	1	1	1	1	1	7	7	7	7	7	1	1	1	1	1	1	1	1	1	1	1	1	1	1	1	1	1	1	1	1	1	1
"d163"	2	1	1	7	7	1	1	1	1	1	1	7	1	1	1	1	1	1	7	1	1	1	1	1	1	1	1	1	1	7	1	1	1	1	1	1	7	1	1	7	1	7	1	1	7	1	7	7	7	1	1	1	1	1	1	1	7	7	1	1	1	1	1	7	7	7	7	7	7	7	7	7	7	7	7	7	7	7	7	7	7	7	7	7	1	1	7	7	7	7	7	1	1	1	1	1	1	1	1	1	1	1	1	1	1	1	1	1	1	7	1	1	1	1	1	1	1	1	1	1	7	1	1	1	1	1	1	1	1	1	1	7	7	7	7	7	7	1	1	5	1	1	1	1	1	1	1	1
"d164"	5	1	1	7	1	1	1	1	1	7	7	1	1	1	1	1	1	1	1	1	1	1	1	1	7	7	7	1	1	1	7	7	7	7	1	7	1	1	1	7	1	7	1	1	1	1	1	1	1	7	7	7	7	7	7	7	7	7	7	7	1	1	1	1	1	1	1	1	1	1	1	1	1	1	1	1	1	1	1	1	1	1	1	1	1	1	1	1	1	7	7	7	7	7	1	1	1	1	1	7	7	7	7	7	7	7	7	7	7	1	1	1	1	1	1	1	1	1	1	7	7	7	7	7	7	7	7	7	7	7	7	1	1	1	1	1	1	1	1	1	1	1	1	1	1	1	1	1
"d165"	4	1	1	7	1	1	1	1	1	1	1	1	1	1	1	1	1	1	1	1	1	1	1	1	1	1	1	1	1	1	1	1	1	1	1	1	1	1	1	1	1	1	1	1	1	1	1	1	1	1	1	1	1	1	1	1	1	1	1	1	1	1	1	1	1	1	1	1	1	1	1	1	1	1	1	1	1	1	1	1	1	1	1	1	1	1	1	1	1	1	1	1	1	1	1	1	1	1	1	1	1	1	1	1	1	1	1	1	1	1	1	1	1	1	1	1	1	1	1	1	1	1	1	1	1	1	1	1	1	1	1	1	1	1	1	1	1	1	1	1	1	1	1	1	1	1	1	1
"d166"	2	1	1	7	1	1	1	7	1	7	1	1	1	1	1	1	1	1	1	1	1	1	1	1	7	1	1	1	1	1	7	7	7	7	1	1	1	1	1	1	1	7	1	1	1	7	1	1	1	7	7	7	7	7	7	7	1	1	1	1	1	1	1	1	7	7	7	7	7	7	7	7	7	7	7	7	7	7	7	7	7	7	7	7	7	7	7	7	7	7	7	7	7	7	1	7	7	7	7	1	1	1	1	1	7	7	7	7	7	1	1	1	1	1	1	1	1	1	1	7	1	7	7	7	7	7	1	1	1	1	1	1	1	1	1	1	1	1	1	1	1	1	1	1	1	1	1	7
"d167"	2	7	7	7	7	1	7	7	7	7	7	7	7	7	7	7	7	7	7	7	7	7	7	1	1	7	1	7	1	7	1	1	1	1	1	1	7	7	1	7	1	1	1	7	7	7	7	7	7	7	7	7	7	7	7	7	7	7	7	7	7	7	7	7	7	7	7	7	7	7	7	7	7	7	7	7	7	7	7	7	7	7	7	7	7	7	7	7	7	7	7	7	7	7	7	7	7	7	7	1	1	1	1	1	7	7	7	7	7	7	7	7	7	7	1	1	1	1	1	1	7	7	7	7	7	7	7	7	7	7	7	1	1	1	1	1	1	1	1	1	1	1	7	7	7	7	7	1
"d168"	2	7	7	1	7	1	1	1	1	7	1	7	7	7	1	7	7	7	7	1	1	1	1	1	1	1	1	7	1	7	1	1	1	1	1	1	7	7	1	7	7	1	7	7	7	1	7	7	1	7	7	7	7	7	7	7	7	7	1	1	1	1	1	0	1	1	1	1	1	1	1	1	1	1	1	1	1	1	1	1	1	1	1	1	0	7	1	1	1	7	7	1	1	1	7	7	7	7	7	7	7	7	7	7	1	1	1	1	1	1	1	1	1	1	1	1	1	1	1	7	0	1	1	1	1	1	1	1	1	1	1	1	1	1	1	1	1	1	1	1	1	1	7	7	7	7	7	7
"d169"	2	1	1	7	1	7	7	7	7	1	1	1	1	1	7	1	1	1	1	7	7	7	7	7	7	1	7	1	7	1	7	7	7	7	7	7	1	7	7	1	1	7	1	7	1	7	1	1	1	1	1	1	1	1	1	1	7	7	1	1	1	1	1	1	7	7	7	7	7	7	7	7	7	7	7	7	7	7	7	7	7	7	7	7	1	1	1	1	1	1	1	1	1	1	1	1	1	1	1	7	7	7	7	7	7	7	7	7	7	1	1	1	1	1	1	1	1	1	1	1	1	1	1	1	1	1	7	7	7	7	7	7	7	7	7	7	7	1	1	1	1	1	7	7	7	7	7	7
"d170"	2	1	1	1	1	1	1	1	1	7	1	1	1	1	1	1	1	1	1	1	1	1	1	1	1	1	1	1	1	1	1	1	1	1	1	1	1	1	1	1	1	1	1	1	1	1	7	7	7	7	7	7	7	7	7	7	1	1	1	1	1	1	1	7	7	7	7	7	7	7	7	7	7	7	7	7	7	7	7	7	7	7	7	7	1	1	1	1	1	1	1	7	7	7	1	1	1	1	1	1	1	1	1	1	1	1	1	1	1	1	1	1	1	1	1	1	1	1	1	1	1	1	1	1	1	1	1	1	1	1	1	1	1	1	1	1	1	1	1	1	1	1	1	1	1	1	1	7
"d171"	2	1	1	1	1	1	1	1	1	7	1	1	1	1	1	1	1	1	1	1	1	1	1	1	1	1	7	1	1	1	1	1	1	1	1	7	1	1	1	1	7	1	7	1	1	7	1	1	1	7	7	7	7	7	7	7	1	1	1	1	1	1	1	1	7	7	7	7	7	7	7	7	7	7	7	7	7	7	7	7	7	7	7	7	1	1	1	1	1	7	7	1	1	1	1	1	1	1	1	7	7	7	7	7	1	1	1	1	1	1	1	1	1	1	1	1	1	1	1	7	1	7	7	7	7	7	1	1	1	1	1	1	1	1	1	1	1	1	1	1	1	1	1	1	1	1	1	1
"d172"	4	1	1	1	1	1	1	1	1	7	1	1	1	1	1	1	1	1	1	1	1	1	1	1	7	1	1	1	1	1	7	7	7	7	1	1	1	1	1	1	1	7	1	1	1	7	1	1	1	7	7	7	7	7	7	7	7	7	1	1	1	1	1	1	7	7	7	7	7	7	7	7	7	7	7	7	7	7	7	7	7	7	7	7	1	1	7	7	7	7	7	1	1	1	1	7	7	7	7	7	7	7	7	7	1	1	1	1	1	1	1	1	1	1	1	1	1	1	1	1	1	1	1	1	1	1	1	1	1	1	1	1	1	1	1	1	1	1	1	1	1	1	1	1	1	1	1	1
"d173"	2	1	1	7	1	1	7	7	7	1	1	1	1	1	7	1	1	1	1	7	7	7	7	1	1	1	7	1	1	1	1	1	1	1	1	7	1	7	1	1	1	1	1	7	1	1	1	1	1	1	1	1	1	1	1	1	1	1	1	1	1	1	1	7	1	1	1	1	1	1	1	1	1	1	1	1	1	1	1	1	1	1	1	1	1	1	1	1	1	1	1	1	1	1	1	1	1	1	1	7	7	7	7	7	1	1	1	1	1	1	1	1	1	1	7	7	7	7	7	1	7	7	7	7	7	7	1	1	1	1	1	1	1	1	1	1	1	1	1	1	1	1	7	7	7	7	7	1
"d174"	2	1	1	1	1	1	1	1	1	7	1	1	1	1	1	1	1	1	1	1	1	1	1	1	1	7	1	1	1	1	1	1	1	1	1	1	1	7	1	1	1	1	1	7	1	1	1	1	1	7	7	7	7	7	7	7	1	1	1	1	1	1	1	1	1	1	1	1	1	1	1	1	1	1	1	1	1	1	1	1	1	1	1	1	1	1	7	7	7	7	7	1	1	1	1	1	1	1	1	1	1	1	1	1	1	1	1	1	1	1	1	1	1	1	1	1	1	1	1	1	1	7	1	1	1	1	1	1	1	1	1	1	1	1	1	1	1	1	1	1	1	1	7	7	7	7	7	1
"d175"	2	1	1	1	7	1	1	1	1	1	1	7	1	1	1	1	1	1	1	1	1	1	1	1	7	1	1	1	1	7	7	7	7	7	1	1	7	1	1	7	1	7	1	1	7	1	7	7	1	1	1	1	1	1	1	1	1	1	1	1	1	1	7	1	7	7	1	7	7	7	7	7	7	7	7	7	7	7	7	7	7	7	7	7	1	1	1	1	1	1	1	7	7	7	7	7	7	7	7	1	1	1	1	1	1	1	1	1	1	1	1	1	1	1	1	1	1	1	1	1	7	7	7	7	7	7	1	1	1	1	1	1	1	1	1	1	1	1	1	1	1	1	1	1	1	1	1	7
"d176"	2	1	1	7	1	1	7	7	7	1	1	1	1	1	7	1	1	1	1	7	7	7	7	1	7	1	7	1	1	1	7	7	7	7	1	7	1	1	1	1	1	7	1	1	1	7	7	7	7	1	1	1	1	1	1	1	1	1	7	7	7	7	7	7	7	7	7	7	7	7	7	7	7	7	7	7	7	7	7	7	7	7	7	7	1	1	7	7	7	7	7	7	7	7	7	7	7	7	7	7	7	7	7	7	1	1	1	1	1	1	1	1	1	1	1	1	1	1	1	7	1	1	1	1	1	1	1	1	1	1	1	7	7	7	7	7	7	1	1	1	1	1	1	1	1	1	1	1
"d177"	2	1	1	1	1	7	1	1	1	7	1	1	1	1	1	1	1	1	1	1	1	1	1	7	7	1	1	1	7	1	7	7	7	7	7	1	1	7	7	1	1	1	1	7	1	1	1	1	1	7	7	7	7	7	7	7	7	7	1	1	1	1	7	1	7	7	7	7	7	7	7	7	7	7	7	7	7	7	7	7	7	7	7	7	1	1	1	1	1	1	1	7	7	7	7	7	7	7	7	1	1	1	1	1	7	7	7	7	7	1	1	1	1	1	1	1	1	1	1	1	1	1	1	1	1	1	7	7	7	7	7	1	1	1	1	1	1	1	1	1	1	1	1	1	1	1	1	1
"d178"	2	1	1	1	1	7	1	1	1	7	1	1	1	1	1	1	1	1	1	1	1	1	1	7	7	1	7	1	7	1	7	7	7	7	7	7	1	1	7	1	1	1	1	1	1	1	1	1	1	7	7	7	7	7	7	7	7	7	1	1	1	1	1	1	7	7	7	7	7	7	7	7	7	7	7	7	7	7	7	7	7	7	7	7	1	1	1	1	1	7	7	7	7	7	1	1	1	1	1	1	1	1	1	1	1	1	1	1	1	1	1	1	1	1	1	1	1	1	1	7	1	1	1	1	1	1	1	1	1	1	1	7	7	7	7	7	7	1	1	1	1	1	1	1	1	1	1	1
"d179"	3	1	1	1	1	7	1	1	1	1	1	1	1	1	1	1	1	1	1	1	1	1	1	7	7	1	7	1	7	1	7	7	7	7	7	7	1	1	7	1	7	1	7	1	1	1	7	7	7	1	1	1	1	1	1	1	1	1	1	1	1	1	1	1	7	7	7	7	7	7	7	7	7	7	7	7	7	7	7	7	7	7	7	7	1	1	1	1	1	1	7	1	1	1	1	7	7	7	7	7	7	7	7	1	7	7	7	7	7	1	1	1	1	1	1	1	1	1	1	1	1	1	1	1	1	1	7	7	7	7	7	7	7	7	7	7	7	1	1	1	1	1	1	1	1	1	1	1
"d180"	4	1	1	1	1	7	7	1	7	7	1	1	1	1	1	1	1	1	1	1	1	1	1	7	1	7	7	1	7	1	1	1	1	1	7	7	1	1	7	1	1	7	1	1	1	7	1	1	1	7	7	7	7	7	7	7	7	7	7	7	7	7	1	7	1	1	1	1	1	1	1	1	1	1	1	1	1	1	1	1	1	1	1	1	7	7	1	1	1	7	7	7	7	7	0	7	7	7	7	7	7	7	7	7	7	7	7	7	7	1	1	1	1	1	7	7	7	7	7	7	7	7	7	7	7	7	1	1	1	1	1	7	7	7	7	7	7	7	7	7	7	7	1	1	1	1	1	1
"d181"	2	1	1	1	1	7	1	1	1	1	1	1	1	1	1	1	1	1	1	1	1	1	1	7	1	1	1	1	7	1	1	1	1	1	7	1	1	1	7	1	1	1	1	1	1	7	1	1	1	1	1	1	1	1	1	1	7	7	1	1	1	1	1	1	1	1	1	1	1	1	1	1	1	1	1	1	1	1	1	1	1	1	1	1	7	7	1	1	1	1	1	7	7	7	7	7	7	7	7	1	1	1	1	7	1	1	1	1	1	1	1	1	1	1	1	1	1	1	1	7	1	7	7	7	7	7	1	1	1	1	1	1	1	1	7	1	1	1	1	1	1	1	1	1	1	1	1	7
"d182"	5		1	7	1	1	7	7	7	1	7	1	1	1	7	1	1	1	1	7	7	7	7	1	7	1	7	1	1	1	7	7	7	7	1	7	1	1	1	1	1	1	1	1	1	7	1	1	1	1	1	1	1	1	1	1	1	1	7	7	7	7	1	1	1	1	1	1	1	1	1	1	1	1	1	1	1	1	1	1	1	1	1	1	1	1	1	1	1	1	1	7	7	7	7	7	7	7	7	1	1	1	1	1	1	1	1	1	1	1	1	1	1	1	7	7	7	7	7	1	7	7	7	7	7	7	1	1	1	1	1	7	7	7	7	7	7	1	1	1	1	1	1	1	1	1	1	1
"d183"	2		7	7	7	7	7	7	7	7	1	7	7	7	7	7	7	7	7	7	7	7	7	7	7	1	7	7	7	7	7	7	7	7	7	7	7	7	7	7	7	7	7	7	7	7	7	7	7	7	7	7	7	7	7	7	7	7	7	7	7	7	7	7	1	1	1	1	1	1	1	1	1	1	1	1	1	1	1	1	1	1	1	1	1	1	1	1	1	0	0	7	7	7	7	7	7	7	7	7	7	7	7	7	7	7	7	7	7	1	1	1	1	1	1	1	1	1	1	7	1	7	7	7	7	7	7	7	7	7	7	7	7	7	7	7	7	7	7	7	7	7	7	7	7	7	7	1
"d184"	3		1	1	1	1	1	1	1	1	1	1	1	1	1	1	1	1	1	1	1	1	1	1	1	1	1	1	1	1	1	1	1	1	1	1	1	1	1	1	7	1	7	1	1	1	1	1	1	1	1	1	1	1	1	1	7	7	1	1	1	1	1	0	1	1	1	1	1	1	1	1	1	1	1	1	1	1	1	1	1	1	1	1	0	7	1	1	1	0	0	1	1	1	7	1	1	1	1	1	1	1	1	1	1	1	1	1	1	1	1	1	1	1	1	1	1	1	1	1	0	1	1	1	1	1	1	1	1	1	1	1	1	1	1	1	1	1	1	1	1	1	1	1	1	1	1	1
"d185"	5		1	7	1	1	7	7	7	1	1	1	1	1	7	1	1	1	1	7	7	7	7	1	1	1	1	1	1	1	1	1	1	1	1	1	1	1	1	1	1	7	1	1	1	1	1	1	1	1	1	1	1	1	1	1	1	1	1	1	1	1	1	1	1	1	1	1	1	1	1	1	1	1	1	1	1	1	1	1	1	1	1	1	0	7	0	1	1	0	0	1	1	1	1	1	1	1	1	1	1	1	1	1	1	1	1	1	1	1	1	1	1	1	1	1	1	1	1	0	1	1	1	1	1	1	1	1	1	1	1	1	1	1	1	1	1	1	1	1	1	1	1	1	1	1	1	7
"d186"	2		1	1	1	1	1	1	1	1	1	1	1	1	1	1	1	1	1	1	1	1	1	1	7	1	1	1	1	1	7	7	7	7	1	1	1	1	1	1	1	1	1	1	1	7	1	1	1	1	1	1	1	1	1	1	1	1	7	7	7	7	1	1	1	1	1	1	1	1	1	1	1	1	1	1	1	1	1	1	1	1	1	1	1	1	1	1	1	1	1	1	1	1	1	1	1	1	1	1	1	1	1	1	1	1	1	1	1	7	1	1	1	1	1	1	1	1	1	1	1	1	1	1	1	1	1	1	1	1	1	1	1	1	1	1	1	1	1	1	1	1	1	1	1	1	1	1
"d187"	2		1	1	1	1	7	1	7	1	1	1	1	1	7	1	1	1	1	7	1	1	1	1	7	1	7	1	1	1	7	7	7	7	1	7	7	1	1	7	1	1	1	1	1	1	7	7	7	1	1	1	1	1	1	1	7	7	1	1	1	1	1	7	7	7	7	7	7	7	7	7	7	7	7	7	7	7	7	7	7	7	7	7	1	1	1	1	1	7	7	1	1	1	1	1	1	1	1	1	1	1	1	1	1	1	1	1	1	7	1	1	1	1	1	1	1	1	1	1	1	1	1	1	1	1	1	1	1	1	1	7	7	7	7	7	7	1	1	1	1	1	1	1	1	1	1	1
"d188"	2		7	1	7	7	1	1	1	1	7	7	7	7	1	7	7	7	7	1	1	1	1	7	7	1	1	7	7	7	7	7	7	7	7	1	7	1	7	7	1	1	1	1	7	1	1	1	1	1	1	1	1	1	1	1	7	7	1	1	1	1	1	1	7	7	7	7	7	7	7	7	7	7	7	7	7	7	7	7	7	7	7	7	1	1	1	1	1	1	1	1	1	1	0	1	1	1	1	1	1	1	1	1	7	7	7	7	7	7	7	7	7	7	1	1	1	1	1	7	1	1	1	1	1	1	1	1	1	1	1	1	1	1	1	1	1	7	7	7	7	7	1	1	1	1	1	1
"d189"	2		7	7	7	7	7	7	7	1	1	7	7	7	7	7	7	7	7	7	7	7	7	7	7	7	7	7	7	7	7	7	7	7	7	7	7	7	7	7	1	7	1	7	7	1	7	7	7	1	1	1	1	1	1	1	7	7	1	1	1	1	1	1	7	7	7	7	7	7	7	7	7	7	7	7	7	7	7	7	7	7	7	7	7	7	1	1	1	7	7	1	1	1	1	7	7	7	7	7	7	7	7	7	7	7	7	7	7	7	7	7	7	7	7	7	7	7	7	7	7	7	7	7	7	7	1	1	1	1	1	1	1	1	1	1	1	7	7	7	7	7	7	7	7	7	7	1
"d190"	2		1	7	1	7	7	7	7	1	1	1	1	1	7	1	1	1	1	7	7	7	7	7	7	7	7	1	7	1	7	7	7	7	7	7	1	1	7	1	7	7	7	1	1	7	1	1	1	1	1	1	1	1	1	1	1	1	1	1	1	1	1	7	1	1	1	1	1	1	1	1	1	1	1	1	1	1	1	1	1	1	1	1	1	1	7	7	7	1	1	1	1	1	1	1	1	1	1	1	1	1	1	1	7	7	7	7	7	1	1	1	1	1	1	1	1	1	1	1	1	1	1	1	1	1	7	7	7	7	7	1	1	1	1	1	1	7	7	7	7	7	1	1	1	1	1	7
"d191"	3		7	7	7	7	7	7	7	7	7	7	7	7	7	7	7	7	7	7	7	7	7	7	7	7	7	7	7	7	7	7	7	7	7	7	7	1	7	7	1	1	1	1	7	7	1	1	1	7	7	7	7	7	7	7	0	1	1	1	1	1	1	0	7	7	7	7	7	7	7	7	7	7	7	7	7	7	7	7	7	7	7	7	7	7	1	1	1	0	0	1	1	1	1	1	1	1	1	7	7	7	7	7	1	1	1	1	1	1	1	1	1	1	1	1	1	1	1	7	0	1	1	1	1	1	1	1	1	1	1	1	7	1	1	1	1	1	1	1	1	1	1	1	1	1	1	1
"d192"	2		1	1	1	1	1	1	1	7	1	1	1	1	1	1	1	1	1	1	1	1	1	1	1	1	1	1	1	1	1	1	1	1	1	1	1	1	1	1	1	7	1	1	1	7	1	1	1	7	7	7	7	7	7	7	1	1	1	1	1	1	7	1	1	1	1	1	1	1	1	1	1	1	1	1	1	1	1	1	1	1	1	1	1	1	1	1	1	1	1	1	1	1	1	7	7	7	7	7	7	7	7	7	7	7	7	7	7	1	1	1	1	1	1	1	1	1	1	1	1	7	7	7	7	7	1	1	1	1	1	1	1	1	1	1	1	1	1	1	1	1	1	1	1	1	1	7
"d193"	2		7	7	7	7	7	7	7	7	7	7	7	7	7	7	7	7	7	7	7	7	7	7	1	7	7	7	7	7	1	1	1	1	7	7	7	1	7	7	7	7	7	1	7	7	7	7	7	7	7	7	7	7	7	7	1	1	7	7	7	7	7	7	1	1	1	1	1	1	1	1	1	1	1	1	1	1	1	1	1	1	1	1	1	1	7	7	7	1	1	7	7	7	1	7	7	7	7	1	1	1	1	1	7	7	7	7	7	7	7	7	7	7	1	1	1	1	1	7	1	1	1	1	1	1	7	7	7	7	7	1	1	1	1	1	1	7	7	7	7	7	1	1	1	1	1	1
"d194"	2		7	7	7	1	7	7	7	1	1	7	7	7	7	7	7	7	7	7	7	7	7	1	1	1	7	7	1	7	1	1	1	1	1	7	7	7	1	7	1	1	1	7	7	1	1	1	1	1	1	1	1	1	1	1	1	1	7	7	7	7	1	7	7	7	7	7	7	7	7	7	7	7	7	7	7	7	7	7	7	7	7	7	1	1	1	1	1	7	7	7	7	7	1	7	7	7	7	1	1	1	1	7	1	1	1	1	1	7	1	1	1	1	1	1	1	1	1	1	1	1	1	1	1	1	1	1	1	1	1	7	7	7	7	7	7	1	1	1	1	1	7	7	7	7	7	7
"d195"	2		1	7	1	1	7	7	7	1	1	1	1	1	7	1	1	1	1	7	7	7	7	1	7	1	7	1	1	1	7	7	7	7	1	7	1	1	1	1	1	1	1	1	1	7	1	1	1	1	1	1	1	1	1	1	1	1	1	1	1	1	1	1	7	7	7	7	7	7	7	7	7	7	7	7	7	7	7	7	7	7	7	7	7	7	1	1	1	7	7	7	7	7	1	1	1	1	1	7	7	7	7	7	1	1	1	1	1	7	7	7	7	7	7	7	7	7	7	7	1	7	7	7	7	7	1	1	1	1	1	1	1	1	1	1	1	1	1	1	1	1	1	1	1	1	1	1
"d196"	11		1	1	1	7	1	1	1	1	1	1	1	1	1	1	1	1	1	1	1	1	1	7	7	1	1	1	7	1	7	7	7	7	7	1	1	1	7	1	1	1	1	1	1	1	1	1	1	1	1	1	1	1	1	1	1	1	1	1	1	1	1	1	1	1	1	1	1	1	1	1	1	1	1	1	1	1	1	1	1	1	1	1	7	7	1	1	1	1	1	1	1	1	1	1	1	1	1	1	1	1	1	1	7	7	7	7	7	1	1	1	1	1	1	1	1	1	1	1	1	1	1	1	1	1	1	1	1	1	1	1	1	1	1	1	1	1	1	1	1	1	1	1	1	1	1	7
"d197"	2		1	1	1	1	1	1	1	1	1	1	1	1	1	1	1	1	1	1	1	1	1	1	1	1	1	1	1	1	1	1	1	1	1	1	1	1	1	1	1	7	1	1	1	7	7	7	1	1	1	1	1	1	1	7	1	1	1	1	1	1	1	1	1	1	1	1	1	7	1	1	1	1	1	1	1	1	1	1	1	1	1	1	1	1	1	1	1	1	1	1	1	1	1	1	1	1	1	1	1	1	1	1	1	1	1	1	1	1	1	1	1	1	1	1	1	1	1	1	7	1	1	1	1	1	1	1	1	1	1	1	1	1	1	1	1	1	1	1	1	1	1	1	1	1	1	1
"d198"	2		1	1	1	1	1	1	1	1	1	1	1	1	1	1	1	1	1	1	1	1	1	1	1	1	7	1	1	1	1	1	1	1	1	7	1	7	1	1	1	1	1	7	1	1	1	1	1	1	1	1	1	1	1	1	1	1	1	1	1	1	1	1	7	7	7	7	7	7	7	7	7	7	7	7	7	7	7	7	7	7	7	7	1	1	7	1	1	7	7	1	1	1	1	1	1	1	1	7	7	7	7	7	1	1	1	1	1	1	1	1	1	1	1	1	1	1	1	1	1	1	1	1	1	1	1	1	1	1	1	1	1	1	1	1	1	7	7	7	7	7	7	7	7	7	7	7
"d199"	11		7	7	7	7	7	7	7	7	7	7	7	7	7	7	7	7	7	7	7	7	7	7	7	7	7	7	7	7	7	7	7	7	7	7	7	7	7	7	7	1	7	7	7	1	7	7	7	7	7	7	7	7	7	7	7	7	7	7	7	7	7	7	7	7	7	7	7	7	7	7	7	7	7	7	7	7	7	7	7	7	7	7	7	7	7	7	7	7	7	7	7	7	7	7	7	7	7	7	7	7	7	7	7	7	7	7	7	7	7	7	7	7	7	7	7	7	7	7	7	7	7	7	7	7	7	7	7	7	7	7	7	7	7	7	7	7	7	7	7	7	7	7	7	7	7	7
"d200"	5		1	7	1	1	7	7	7	1	1	1	1	1	7	1	1	1	1	7	7	7	7	1	1	1	1	1	1	1	1	1	1	1	1	1	1	1	1	1	1	1	1	1	1	1	0	7	1	1	1	1	1	1	1	1	7	7	1	1	1	1	1	7	1	1	1	1	1	1	1	1	1	1	1	1	1	1	1	1	1	1	1	7	0	7	0	1	1	0	0	1	1	1	0	1	1	1	1	1	1	1	1	1	7	7	7	7	7	0	1	1	1	1	1	1	1	1	1	7	0	1	1	1	1	1	1	1	1	1	1	1	1	0	1	1	1	1	1	1	1	1	1	1	1	1	1	7
"d201"	8		1	7	1	1	7	7	7	1	1	1	1	1	7	1	1	1	1	7	7	7	7	1	7	1	7	1	1	1	7	7	7	7	1	7	1	1	1	1	1	7	1	1	1	7	7	7	7	1	1	1	1	1	1	1	1	1	1	1	1	1	1	7	1	1	1	1	1	1	1	1	1	1	1	1	1	1	1	1	1	1	1	1	1	1	1	1	1	7	7	7	7	7	0	7	7	7	7	7	7	7	7	7	7	7	7	7	7	1	1	1	1	1	1	1	1	1	1	7	7	7	7	7	7	7	1	1	1	1	1	1	1	1	1	1	1	7	7	7	7	7	1	1	1	1	1	7
"d202"	11		7	7	7	7	7	7	7	7	7	7	7	7	7	7	7	7	7	7	7	7	7	7	7	7	7	7	7	7	7	7	7	7	7	7	7	7	7	7	7	1	7	7	7	7	7	7	7	7	7	7	7	7	7	7	7	7	7	7	7	7	7	7	7	7	7	7	7	7	7	7	7	7	7	7	7	7	7	7	7	7	7	7	7	7	7	7	7	7	7	7	7	7	7	7	7	7	7	7	7	7	7	7	7	7	7	7	7	7	7	7	7	7	7	7	7	7	7	7	7	7	7	7	7	7	7	7	7	7	7	7	7	7	7	7	7	7	7	7	7	7	7	7	7	7	7	7
"d203"	4		1	1	1	1	1	1	1	1	1	1	1	1	1	1	1	1	1	1	1	1	1	1	1	1	1	1	1	1	1	1	1	1	1	1	1	7	1	1	1	1	1	7	1	1	1	1	1	1	1	1	1	1	1	1	1	1	7	7	7	7	1	1	7	7	7	7	7	7	7	7	7	7	7	7	7	7	7	7	7	7	7	7	7	7	7	7	7	1	1	7	7	7	1	1	1	1	1	7	7	7	7	7	1	1	1	1	1	1	1	1	1	1	1	1	1	1	1	7	7	1	1	1	1	1	1	1	1	1	1	7	7	7	7	7	7	1	1	1	1	1	7	7	7	7	7	7
"d204"	2		7	1	7	1	1	1	1	7	1	7	7	7	1	7	7	7	7	1	1	1	1	1	7	1	1	7	1	7	7	7	7	7	1	1	7	1	1	7	7	7	7	1	7	7	7	7	7	7	7	7	7	7	7	7	1	1	1	1	1	1	1	1	7	7	7	7	7	7	7	7	7	7	7	7	7	7	7	7	7	7	7	7	1	1	1	1	1	1	1	7	7	7	1	1	1	1	1	7	7	7	7	7	1	1	1	1	1	1	1	1	1	1	1	1	1	1	1	7	1	7	7	7	7	7	7	7	7	7	7	1	1	1	1	1	1	1	1	1	1	1	1	1	1	1	1	1
"d205"	2		1	1	1	1	1	1	1	1	1	1	1	1	1	1	1	1	1	1	1	1	1	1	7	1	1	1	1	1	7	7	7	7	1	1	1	1	1	1	1	1	1	1	1	1	1	1	1	1	1	1	7	1	1	1	1	1	1	1	1	1	1	1	1	1	1	1	1	1	1	1	1	1	1	1	1	1	1	1	1	1	1	1	1	1	1	1	1	7	7	7	7	7	1	1	1	1	1	1	1	1	1	1	1	1	1	1	1	1	1	1	1	1	1	1	1	1	1	1	1	1	1	1	1	1	1	1	1	1	1	1	1	1	1	1	1	1	1	1	1	1	1	1	1	1	1	1
"d206"	2		1	7	1	1	7	7	7	1	7	1	1	1	7	1	1	1	1	7	7	7	7	1	7	1	1	1	1	1	7	7	7	7	1	1	1	1	1	1	7	1	7	1	1	7	7	7	7	1	1	1	1	1	1	1	1	1	7	7	7	7	7	7	7	7	7	7	7	7	7	7	7	7	7	7	7	7	7	7	7	7	7	7	1	1	7	7	7	1	1	1	1	1	1	7	7	7	7	7	7	7	7	7	7	7	7	7	7	1	7	7	7	7	7	7	7	7	7	1	7	7	7	7	7	7	7	7	7	7	7	7	7	7	7	7	7	7	7	7	7	7	1	1	1	1	1	7
"d207"	2		7	7	7	7	7	7	7	7	1	7	7	7	7	7	7	7	7	7	7	7	7	7	7	7	7	7	7	7	7	7	7	7	7	7	7	1	7	7	1	7	1	1	7	1	1	1	1	7	7	7	7	7	7	7	1	1	1	1	1	1	1	1	1	1	1	1	1	1	1	1	1	1	1	1	1	1	1	1	1	1	1	1	7	7	7	7	7	1	1	1	1	1	1	1	1	1	1	7	7	7	7	7	1	1	1	1	1	7	1	1	1	1	7	7	7	7	7	1	7	1	1	1	1	1	1	1	1	1	1	1	1	1	1	1	1	1	1	1	1	1	1	1	1	1	1	7
"d208"	2		7	1	7	7	1	1	1	7	7	7	7	7	1	7	7	7	7	1	1	1	1	7	7	7	7	7	7	7	7	7	7	7	7	7	7	7	7	7	7	1	7	7	7	1	1	1	1	1	1	1	1	1	1	1	7	7	7	7	7	7	1	1	7	7	7	7	7	7	7	7	7	7	7	7	7	7	7	7	7	7	7	7	1	1	7	7	7	7	7	7	7	7	1	1	1	1	1	7	7	7	7	7	1	1	1	1	1	7	1	1	1	1	7	7	7	7	7	7	7	1	1	1	1	1	7	7	7	7	7	1	1	1	1	1	1	1	1	1	1	1	7	7	7	7	7	7
"d209"	2		7	7	7	1	7	7	7	1	7	7	7	7	7	7	7	7	7	7	7	7	7	1	7	1	1	7	1	7	7	7	7	7	1	1	7	1	1	7	1	1	1	1	7	7	1	1	1	7	7	1	1	1	1	1	1	1	7	7	7	7	1	1	7	7	7	7	7	7	7	7	7	7	7	7	7	7	7	7	7	7	7	7	7	7	7	7	7	7	7	1	1	1	1	1	1	1	1	7	7	7	7	7	7	7	7	7	7	1	1	1	1	1	1	1	1	1	1	1	7	7	7	7	7	7	7	7	7	7	7	1	1	1	1	1	1	1	1	1	1	1	1	1	1	1	1	7
"d210"	2		1	7	1	7	7	7	7	1	1	1	1	1	7	1	1	1	1	7	7	7	7	7	7	1	1	1	7	1	7	7	7	7	7	1	1	1	7	1	7	1	7	1	1	1	1	1	1	1	1	1	1	1	1	1	1	1	1	1	1	1	1	1	1	1	1	1	1	1	1	1	1	1	1	1	1	1	1	1	1	1	1	1	1	1	1	1	1	1	1	1	1	1	1	1	1	1	1	1	1	1	1	1	7	7	7	7	7	7	7	7	7	7	1	1	1	1	1	7	1	1	1	1	1	1	1	1	1	1	1	1	1	1	1	1	1	1	1	1	1	1	1	1	1	1	1	1
"d211"	4		1	1	1	1	1	1	1	1	1	1	1	1	1	1	1	1	1	1	1	1	1	1	1	1	1	1	1	1	1	1	1	1	1	1	1	1	1	1	1	7	1	1	1	1	1	1	1	1	1	1	1	1	1	1	1	1	1	1	1	1	1	1	1	1	1	1	1	1	1	1	1	1	1	1	1	1	1	1	1	1	1	1	1	1	1	1	1	7	7	7	7	7	1	7	7	7	7	1	1	1	1	1	1	1	1	1	1	1	1	1	1	1	7	7	7	7	7	7	1	7	7	7	7	7	1	1	1	1	1	1	1	1	1	1	1	7	7	7	7	7	1	1	1	1	1	1
"d212"	2		1	7	1	7	7	7	7	1	1	1	1	1	7	1	1	1	1	7	7	7	7	7	7	1	1	1	7	1	7	7	7	7	7	1	1	7	7	1	1	1	1	7	1	7	1	1	1	1	1	1	1	1	1	1	1	1	7	7	7	7	7	7	7	7	7	7	7	7	7	7	7	7	7	7	7	7	7	7	7	7	7	7	1	1	1	1	1	1	1	1	1	1	1	1	1	1	1	1	1	1	1	1	1	1	1	1	1	1	1	1	1	1	1	1	1	1	1	1	7	7	7	7	7	7	1	1	1	1	1	7	7	7	7	7	7	7	7	7	7	7	7	7	7	7	7	7
"d213"	2		1	7	1	7	7	7	7	1	1	1	1	1	7	1	1	1	1	7	7	7	7	7	7	1	1	1	7	1	7	7	7	7	7	1	1	1	7	1	1	1	1	1	1	1	7	7	7	1	1	1	1	1	1	1	1	1	7	7	7	7	1	1	7	7	7	7	7	7	7	7	7	7	7	7	7	7	7	7	7	7	7	7	7	7	1	1	1	1	1	1	1	1	1	1	1	1	1	1	1	1	1	1	1	1	1	1	1	1	1	1	1	1	1	1	1	1	1	1	1	1	1	1	1	1	1	1	1	1	1	1	1	1	1	1	1	7	7	7	7	7	1	1	1	1	1	1
"d214"	2		1	1	1	7	1	1	1	1	1	1	1	1	1	1	1	1	1	1	1	1	1	7	1	1	1	1	7	1	1	1	1	1	7	1	1	1	7	1	1	1	1	1	1	1	1	1	1	1	1	1	1	1	1	1	1	1	1	1	1	1	1	1	1	1	1	1	1	1	1	1	1	1	1	1	1	1	1	1	1	1	1	1	7	7	1	1	1	7	7	1	1	1	1	1	1	1	1	7	1	7	7	7	1	1	1	1	1	7	7	7	7	7	1	1	1	1	1	1	1	1	1	1	1	1	1	1	1	1	1	1	1	1	1	1	1	1	1	1	1	1	1	1	1	1	1	1
"d215"	2		1	1	1	1	1	1	1	1	1	1	1	1	1	1	1	1	1	1	1	1	1	1	1	1	1	1	1	1	1	1	1	1	1	1	1	1	1	1	1	1	1	1	1	1	1	1	1	1	1	1	1	1	1	1	1	1	1	1	1	1	1	1	1	1	1	1	1	1	1	1	1	1	1	1	1	1	1	1	1	1	1	1	1	1	1	1	1	1	1	1	1	1	1	7	7	7	7	1	1	1	1	1	1	1	1	1	1	1	1	1	1	1	1	1	1	1	1	1	1	1	1	1	1	1	1	1	1	1	1	1	1	1	1	1	1	1	1	1	1	1	1	1	1	1	1	1
"d216"	2		7	1	7	7	1	1	1	7	1	7	7	7	1	7	7	7	7	1	1	1	1	7	7	1	7	7	7	7	7	7	7	7	7	7	7	1	7	7	7	1	7	1	7	1	7	7	7	7	7	7	7	7	7	7	7	7	7	7	7	7	1	1	1	1	1	1	1	1	1	1	1	1	1	1	1	1	1	1	1	1	1	1	1	1	7	7	7	7	7	1	1	1	1	1	1	1	1	1	1	1	1	1	7	7	7	7	7	7	1	1	1	1	1	1	1	1	1	7	7	1	1	1	1	1	1	1	1	1	1	1	1	1	1	1	1	7	7	7	7	7	1	1	1	1	1	7
"d217"	2		1	1	1	1	1	1	1	7	1	1	1	1	1	1	1	1	1	1	1	1	1	1	7	1	7	1	1	1	7	7	7	7	1	7	1	1	1	1	1	7	1	1	1	1	1	1	1	7	7	7	7	7	7	7	7	7	1	1	1	1	1	1	1	1	1	1	1	1	1	1	1	1	1	1	1	1	1	1	1	1	1	1	1	1	1	1	1	1	1	1	1	1	1	1	1	1	1	1	1	1	1	1	1	1	1	1	1	1	1	1	1	1	1	1	1	1	1	1	1	1	1	1	1	1	1	1	1	1	1	1	1	1	1	1	1	1	1	1	1	1	1	1	1	1	1	7
"d218"	2		7	7	7	1	7	7	7	7	1	7	7	7	7	7	7	7	7	7	7	7	7	1	7	7	7	7	1	7	7	7	7	7	1	7	7	1	1	7	7	1	7	1	7	7	1	1	1	7	7	7	7	7	7	7	7	7	7	7	7	7	7	1	7	7	7	7	7	7	7	7	7	7	7	7	7	7	7	7	7	7	7	7	7	7	1	1	1	7	7	7	7	7	7	7	7	7	7	7	7	7	7	7	1	1	1	1	1	7	1	1	1	1	7	7	7	7	7	7	1	7	7	7	7	7	1	1	1	1	1	1	1	1	1	1	1	1	1	1	1	1	1	1	1	1	1	7
"d219"	4		1	1	1	1	1	1	1	1	7	1	1	1	1	1	1	1	1	1	1	1	1	1	7	7	1	1	1	1	7	7	7	7	1	1	1	1	1	1	1	1	1	1	1	1	1	1	1	1	1	1	1	1	1	1	1	1	1	1	1	1	7	7	7	7	7	7	7	7	7	7	7	7	7	7	7	7	7	7	7	7	7	7	7	7	7	7	7	1	1	7	7	7	7	7	7	7	7	1	1	1	1	1	7	7	7	7	7	1	1	1	1	1																																		7
"d220"	2		1	7	1	7	7	7	7	7	1	1	1	1	7	1	1	1	1	7	7	7	7	7	7	1	7	1	7	1	7	7	7	7	7	7	1	1	7	7	1	1	1	1	1	7	7	7	7	7	7	7	7	7	7	7	7	7	7	7	7	7	7	7	7	7	7	7	7	7	7	7	7	7	7	7	7	7	7	7	7	7	7	7	1	1	1	1	1	1	1	1	1	1	1	1	1	1	1	7	7	7	7	7	1	1	1	1	1	1	1	1	1	1	7	7	7	7	7	7	7	7	7	7	7	7	1	1	1	1	1	1	1	1	1	1	1	1	1	1	1	1	1	1	1	1	1	1
"d221"	11		1	1	1	7	1	1	1	1	1	1	1	1	1	1	1	1	1	1	1	1	1	7	1	1	1	1	7	1	1	1	1	1	7	1	1	1	7	1	1	1	1	1	1	1	1	1	1	1	1	1	1	1	1	1	1	1	1	1	1	1	1	1	7	1	1	1	1	1	1	1	1	1	1	1	1	1	1	1	1	1	1	1	1	1	1	1	1	1	1	1	1	1	1	7	7	7	7	1	1	1	1	1	1	1	1	1	1	1	1	1	1	1	1	1	1	1	1	1	7	7	7	7	7	7	7	7	7	7	7	1	1	1	1	1	1	1	1	1	1	1	1	1	1	1	1	1
"d222"	2		7	7	7	1	7	7	7	7	7	7	7	7	7	7	7	7	7	7	7	7	7	1	7	7	7	7	1	7	7	7	7	7	1	7	7	1	1	7	7	7	7	1	7	7	7	7	7	7	7	7	7	7	7	7	7	7	7	7	7	7	7	7	7	7	7	7	7	7	7	7	7	7	7	7	7	7	7	7	7	7	7	7	7	7	1	1	1	7	7	1	1	1	1	7	7	7	7	7	7	7	7	7	7	7	7	7	7	7	7	7	7	7	1	1	1	1	1	1	1	1	1	1	1	1	1	1	1	1	1	7	7	7	7	7	7	1	1	1	1	1	1	1	1	1	1	1
"d223"	2		1	7	1	7	7	7	7	1	7	1	1	1	7	1	1	1	1	7	7	7	7	7	7	7	7	1	7	1	7	7	7	7	7	7	1	1	7	1	7	7	7	1	1	7	7	7	7	1	1	1	1	1	1	1	1	1	7	7	7	7	7	1	7	7	7	7	7	7	7	7	7	7	7	7	7	7	7	7	7	7	7	7	1	1	1	1	1	7	7	7	7	7	1	7	7	7	7	7	7	7	7	7	1	1	1	1	1	1	1	1	1	1	7	7	7	7	7	7	7	7	7	7	7	7	1	1	1	1	1	7	7	7	7	7	7	7	7	7	7	7	1	1	1	1	1	1
"d224"	3		1	1	1	1	1	1	1	1	1	1	1	1	1	1	1	1	1	1	1	1	1	1	1	1	7	1	1	1	1	1	1	1	1	7	1	7	1	1	7	7	7	7	1	7	7	7	7	1	1	1	1	1	1	1	7	7	1	1	1	1	7	7	1	1	1	1	1	1	1	1	1	1	1	1	1	1	1	1	1	1	1	1	7	7	7	7	7	0	0	1	1	1	1	7	7	7	7	1	1	1	1	1	1	1	1	1	1	1	1	1	1	1	1	1	1	1	1	1	0	1	1	1	1	1	1	1	1	1	1	7	7	7	7	7	7	7	7	7	7	7	7	7	7	7	7	7
"d225"	3		1	1	1	1	1	1	1	1	1	1	1	1	1	1	1	1	1	1	1	1	1	1	1	1	1	1	1	1	1	1	1	1	1	1	1	1	1	1	7	1	7	1	1	7	1	1	1	1	1	1	1	1	1	1	0	1	1	1	1	1	1	0	1	1	1	1	1	1	1	1	1	1	1	1	1	1	1	1	1	1	1	1	0	7	1	1	1	0	0	1	1	1	0	7	7	7	7	1	1	1	1	1	1	1	1	1	1	1	1	1	1	1	1	1	1	1	1	7	0	1	1	1	1	1	1	1	1	1	1	7	7	7	7	7	7	1	1	1	1	1	1	1	1	1	1	1
"d226"	2		7	1	7	1	1	1	1	1	7	7	7	7	1	7	7	7	7	1	1	1	1	1	7	1	1	7	1	7	7	7	7	7	1	1	7	1	1	7	1	1	1	1	7	7	1	1	1	1	1	1	1	1	1	1	1	1	1	1	1	1	7	1	7	7	7	7	7	7	7	7	7	7	7	7	7	7	7	7	7	7	7	7	1	1	1	1	1	7	7	7	7	7	7	7	7	7	7	1	1	1	1	1	1	1	1	1	1	7	7	7	7	7	7	7	7	7	7	1	1	1	1	1	1	1	1	1	1	1	1	1	1	1	1	1	1	1	1	1	1	1	1	1	1	1	1	7
"d227"	2		7	1	7	7	1	1	1	7	7	7	7	7	1	7	7	7	7	1	1	1	1	7	1	1	1	7	7	7	1	1	1	1	7	1	7	1	7	7	1	1	1	1	7	7	1	1	1	7	7	7	7	7	7	7	1	1	1	1	1	1	1	1	7	7	7	7	7	7	7	7	7	7	7	7	7	7	7	7	7	7	7	7	1	1	5	1	1	1	1	1	1	1	1	1	1	1	1	1	1	1	1	1	1	1	1	1	1	1	1	1	1	1	1	1	1	1	1	7	1	1	1	1	1	1	1	1	1	1	1	1	1	1	1	1	1	1	1	1	1	1	1	1	1	1	1	1
"d228"	11		7	7	7	7	7	7	7	7	7	7	7	7	7	7	7	7	7	7	7	7	7	7	7	7	7	7	7	7	7	7	7	7	7	7	7	7	7	7	7	1	7	7	7	1	7	7	7	7	7	7	7	7	7	7	7	7	7	7	7	7	7	7	7	7	7	7	7	7	7	7	7	7	7	7	7	7	7	7	7	7	7	7	7	7	7	7	7	7	7	7	7	7	7	7	7	7	7	7	7	7	7	7	7	7	7	7	7	7	7	7	7	7	7	7	7	7	7	7	7	7	7	7	7	7	7	7	7	7	7	7	7	7	7	7	7	7	7	7	7	7	7	7	7	7	7	7
"d229"	2		7	7	7	1	7	7	7	1	1	7	7	7	7	7	7	7	7	7	7	7	7	1	1	1	1	7	1	7	1	1	1	1	1	1	7	1	1	7	7	7	7	1	7	7	1	1	1	1	1	1	1	1	1	1	1	1	7	7	7	7	7	1	1	1	1	1	1	1	1	1	1	1	1	1	1	1	1	1	1	1	1	1	1	1	1	1	1	1	1	7	7	7	0	1	1	1	1	1	1	1	1	1	1	1	1	1	1	7	7	7	7	7	1	1	1	1	1	7	1	1	1	1	1	1	7	7	7	7	7	7	7	7	7	7	7	1	1	1	1	1	1	1	1	1	1	1
